X1	X2	Y
-4.03	-3.30	1
-0.43	-0.29	1
-1.40	0.06	1
-3.64	-3.00	1
0.06	1.17	1
-0.55	1.20	1
-6.19	-7.76	1
-5.56	-4.21	1
7.70	5.46	1
-2.49	-1.70	1
8.58	9.27	1
-7.26	-7.66	1
-2.89	-0.84	1
6.65	4.55	1
1.62	1.00	1
-1.89	-0.59	1
1.33	-0.63	1
-4.42	-5.61	1
-8.82	-10.34	1
8.58	8.96	1
0.34	0.53	1
10.12	10.62	1
12.03	11.50	1
0.30	0.49	1
1.86	2.93	1
-13.16	-14.20	1
1.44	1.61	1
6.08	6.29	1
9.12	10.01	1
15.03	13.79	1
0.49	-1.94	1
2.34	2.10	1
-4.74	-4.80	1
5.08	6.45	1
-0.78	-1.32	1
7.30	6.84	1
-1.54	-1.44	1
-10.56	-11.94	1
-6.01	-7.80	1
-3.04	-2.68	1
13.01	10.77	1
4.64	5.06	1
-1.81	1.48	1
-13.11	-14.80	1
-3.81	-2.13	1
13.35	13.68	1
-1.07	-0.56	1
-2.25	-1.57	1
4.79	4.38	1
-5.91	-6.26	1
4.23	6.33	1
-2.59	-3.85	1
5.04	5.91	1
6.49	6.01	1
-2.33	-4.98	1
-5.52	-5.42	1
9.67	7.05	1
4.10	0.68	1
11.41	10.28	1
-0.07	-0.58	1
-10.96	-11.53	1
-4.27	-3.92	1
0.23	3.29	1
4.99	6.00	1
3.01	4.14	1
-1.95	-3.56	1
2.09	1.09	1
4.75	2.53	1
-1.43	-0.23	1
-3.34	-2.02	1
-2.97	-2.22	1
-5.76	-8.50	1
1.84	1.79	1
-2.98	-3.18	1
-2.30	-3.17	1
1.10	-1.46	1
5.18	9.35	1
-14.63	-15.83	1
-3.78	-5.44	1
3.50	4.36	1
10.66	11.10	1
7.72	7.14	1
-10.45	-10.45	1
4.94	4.23	1
10.35	10.81	1
-4.70	-4.68	1
0.63	0.42	1
-4.56	-5.32	1
6.60	6.73	1
-8.97	-9.53	1
2.84	2.51	1
-0.86	1.67	1
0.14	2.12	1
-9.12	-8.76	1
-13.66	-13.50	1
-10.20	-12.21	1
3.42	2.48	1
11.83	12.46	1
-7.21	-5.95	1
-8.96	-10.56	1
4.44	3.57	1
-2.32	-2.95	1
4.10	1.95	1
-7.75	-5.87	1
-11.93	-13.25	1
-6.84	-8.04	1
3.72	3.24	1
-1.52	-0.15	1
7.62	7.56	1
-11.06	-11.18	1
12.15	10.46	1
-3.00	-2.02	1
0.11	-2.06	1
1.85	2.86	1
-4.76	-5.34	1
12.09	9.96	1
8.30	8.70	1
13.73	12.58	1
-1.89	-2.17	1
3.19	3.16	1
-0.04	-1.83	1
-5.26	-5.92	1
-10.21	-9.37	1
5.43	3.87	1
-4.45	-3.11	1
-0.44	-2.44	1
5.06	4.70	1
7.13	5.09	1
11.82	10.68	1
5.37	5.37	1
9.31	6.73	1
-1.34	-0.89	1
-9.46	-9.96	1
0.11	-0.24	1
-2.88	-1.74	1
0.61	0.25	1
-2.14	-2.53	1
-0.55	-0.97	1
-8.86	-8.22	1
-5.57	-5.39	1
14.23	14.83	1
8.18	7.69	1
-2.82	-3.63	1
0.21	2.65	1
10.20	8.37	1
-4.45	-5.35	1
-1.15	-3.14	1
7.87	10.29	1
-4.92	-2.06	1
9.73	11.25	1
-2.08	-2.80	1
-6.41	-4.63	1
0.59	2.99	1
5.07	6.03	1
3.65	1.84	1
-3.11	-3.26	1
-1.18	-3.14	1
-2.57	-1.28	1
-6.49	-8.80	1
2.59	0.08	1
8.99	9.57	1
-0.57	-2.60	1
6.34	7.77	1
2.99	3.02	1
-7.63	-6.18	1
0.07	0.92	1
-3.73	-3.65	1
3.81	1.51	1
17.81	15.56	1
0.87	1.18	1
-1.38	-1.56	1
2.57	5.14	1
5.85	5.23	1
-3.35	-2.01	1
4.48	5.13	1
-1.70	-1.59	1
-0.90	-0.56	1
-13.09	-15.11	1
-6.95	-8.21	1
8.57	8.18	1
4.70	4.54	1
7.70	5.89	1
2.47	4.17	1
-14.04	-15.65	1
0.39	1.39	1
1.60	0.76	1
-4.45	-4.49	1
5.01	5.33	1
4.28	3.68	1
0.94	1.30	1
-8.44	-10.42	1
-4.13	-1.31	1
-6.51	-7.37	1
-5.12	-5.20	1
-4.61	-5.76	1
5.81	6.09	1
6.97	7.56	1
-8.16	-6.63	1
8.84	7.79	1
3.41	4.29	1
7.43	8.90	1
-6.31	-4.85	1
-11.24	-11.91	1
-14.47	-14.90	1
-6.29	-6.19	1
6.54	6.28	1
-14.00	-12.99	1
-7.05	-6.71	1
0.67	-2.05	1
-7.60	-6.23	1
0.16	0.86	1
-0.56	-2.16	1
5.67	3.92	1
-1.52	-0.10	1
-1.75	-1.11	1
-5.38	-4.26	1
2.16	1.63	1
16.15	16.62	1
15.25	16.01	1
-14.42	-13.68	1
-2.00	-0.25	1
-1.06	-2.70	1
-3.17	-4.83	1
5.73	7.75	1
-11.43	-10.69	1
-1.46	-1.56	1
-3.62	-2.59	1
4.89	4.11	1
-7.09	-5.20	1
-5.73	-6.52	1
4.43	5.80	1
-2.67	-3.82	1
8.55	5.43	1
16.64	15.70	1
-12.62	-10.71	1
4.25	3.65	1
-1.49	-2.17	1
-3.72	-3.83	1
-8.40	-5.67	1
-0.22	-0.91	1
-2.87	-1.82	1
16.93	15.06	1
-4.21	-1.84	1
-6.85	-5.60	1
17.64	19.36	1
-3.01	-5.73	1
-1.11	-0.98	1
13.52	15.04	1
-9.73	-11.29	1
-1.16	-1.80	1
1.24	3.36	1
-13.63	-13.26	1
-2.76	-2.52	1
-1.83	-3.43	1
3.53	2.37	1
-12.28	-14.92	1
4.09	2.79	1
6.36	7.60	1
10.45	9.25	1
-2.52	-3.50	1
-2.33	-2.81	1
11.24	13.40	1
-1.05	-1.81	1
-11.74	-11.09	1
-11.07	-11.95	1
12.40	12.32	1
-1.74	-3.28	1
1.32	1.56	1
-9.02	-7.41	1
5.72	3.86	1
3.55	1.20	1
-0.92	-0.25	1
-3.69	-3.18	1
4.40	2.42	1
-17.90	-18.30	1
-1.71	-3.04	1
-4.51	-4.90	1
7.48	6.20	1
-0.37	-0.07	1
1.55	1.90	1
3.85	2.39	1
8.34	9.06	1
1.55	2.62	1
7.17	8.54	1
-3.50	-4.32	1
3.64	2.37	1
-13.76	-15.33	1
2.55	-0.07	1
9.28	9.50	1
8.01	7.04	1
5.28	7.25	1
11.50	11.62	1
-5.19	-3.55	1
4.90	4.07	1
-3.08	-4.99	1
-7.44	-10.34	1
5.25	6.97	1
3.90	6.34	1
4.34	3.61	1
-8.53	-8.29	1
7.22	7.66	1
11.37	11.19	1
-3.17	-3.86	1
0.79	0.11	1
7.99	8.75	1
-5.09	-7.13	1
-3.88	-3.01	1
8.47	9.96	1
-6.56	-7.98	1
-3.73	-5.38	1
-4.76	-6.63	1
-7.14	-4.21	1
-4.44	-2.32	1
11.97	11.44	1
-3.42	-4.76	1
-3.33	-2.87	1
-12.59	-11.59	1
-2.03	-2.12	1
-7.08	-7.42	1
-3.82	-2.80	1
7.23	7.69	1
-2.35	-1.06	1
-14.15	-12.28	1
1.82	2.84	1
14.07	12.07	1
-15.85	-17.56	1
8.51	8.83	1
-2.82	0.21	1
0.42	0.28	1
-7.75	-6.97	1
-2.11	-3.29	1
-2.21	-3.20	1
4.26	1.95	1
6.07	9.61	1
-6.10	-5.96	1
-12.54	-11.99	1
0.40	-1.27	1
3.07	1.40	1
-0.95	-1.33	1
8.86	8.84	1
0.09	-1.55	1
-2.05	0.72	1
-4.39	-6.33	1
-1.72	-1.05	1
5.02	4.40	1
-17.31	-16.36	1
6.30	8.02	1
4.22	1.84	1
9.20	7.76	1
3.06	1.65	1
-5.67	-7.00	1
-3.76	-4.26	1
5.81	7.80	1
-0.88	0.75	1
-4.89	-6.85	1
-6.58	-5.83	1
4.20	5.15	1
-4.48	-3.85	1
0.79	1.81	1
1.80	4.28	1
3.01	2.71	1
2.50	4.75	1
-8.39	-8.60	1
7.21	6.85	1
5.00	4.63	1
5.74	7.10	1
-2.47	-1.75	1
7.25	9.93	1
-4.28	-4.88	1
-5.27	-4.54	1
3.47	1.73	1
-0.81	-2.73	1
3.84	2.08	1
0.93	0.99	1
4.49	4.46	1
12.65	11.32	1
2.30	0.82	1
-7.96	-10.06	1
-3.54	-4.15	1
4.61	1.72	1
4.65	5.31	1
8.85	9.27	1
8.94	7.93	1
6.78	6.28	1
10.01	9.16	1
-6.38	-7.46	1
5.75	5.77	1
-0.57	-2.95	1
-8.98	-9.38	1
-4.26	-1.16	1
-8.15	-9.81	1
1.72	5.68	1
0.28	0.62	1
1.86	2.00	1
6.99	5.86	1
-6.28	-5.58	1
-15.45	-14.84	1
-3.92	-4.57	1
5.29	5.23	1
-1.77	-0.84	1
2.51	4.71	1
-1.54	-0.30	1
8.77	5.45	1
9.16	9.55	1
1.05	-0.48	1
0.11	-1.95	1
5.86	2.79	1
-5.31	-8.58	1
10.41	9.08	1
-1.14	0.04	1
2.80	5.75	1
5.04	6.72	1
7.44	8.08	1
-9.08	-7.82	1
-1.42	-2.31	1
2.27	3.44	1
-4.81	-3.25	1
9.27	10.70	1
3.41	2.13	1
0.38	0.00	1
-2.30	-1.01	1
-1.81	-4.14	1
7.76	8.38	1
-3.76	-2.99	1
-2.40	-3.06	1
4.46	5.39	1
5.95	5.04	1
-2.05	-1.61	1
7.39	6.42	1
-0.86	-2.12	1
12.12	12.64	1
10.23	8.69	1
2.21	3.46	1
6.61	5.63	1
-6.49	-5.05	1
3.94	4.98	1
-5.28	-2.45	1
5.66	6.56	1
-0.96	0.14	1
-1.36	-4.26	1
6.02	2.37	1
14.03	14.38	1
0.41	-1.81	1
-5.21	-7.21	1
1.26	0.77	1
-1.09	0.97	1
-4.08	-6.55	1
1.91	1.42	1
-0.12	-0.61	1
-10.39	-8.43	1
13.83	14.89	1
10.02	11.23	1
10.57	8.21	1
-14.08	-15.61	1
-1.82	-0.99	1
-9.48	-10.67	1
2.62	3.03	1
1.93	1.50	1
-4.21	-4.40	1
5.22	2.04	1
-1.82	-0.08	1
1.64	3.26	1
-2.36	-1.84	1
7.95	9.12	1
-1.00	-1.82	1
7.24	7.30	1
0.75	0.26	1
7.98	6.59	1
12.41	12.24	1
-3.39	-4.58	1
2.17	2.14	1
-6.29	-6.37	1
8.59	9.75	1
-10.14	-11.95	1
-2.66	-2.69	1
-8.08	-4.43	1
-2.73	-3.53	1
9.13	10.44	1
1.49	2.10	1
-1.87	-3.50	1
3.06	2.93	1
-6.61	-9.41	1
-0.89	-1.64	1
6.62	8.07	1
0.20	2.83	1
6.01	5.70	1
0.03	1.78	1
-10.29	-6.37	1
-7.33	-6.60	1
-0.23	-0.08	1
2.27	1.76	1
-11.23	-10.24	1
-5.79	-7.98	1
-8.29	-7.02	1
-8.24	-9.79	1
3.28	4.70	1
-0.91	-1.61	1
1.43	0.43	1
1.71	1.60	1
-5.53	-6.87	1
13.52	14.02	1
-5.27	-4.94	1
1.48	-0.58	1
-6.54	-6.19	1
9.87	10.43	1
-6.40	-5.02	1
1.51	1.69	1
-3.23	-2.24	1
2.80	1.52	1
-16.07	-16.58	1
15.05	14.62	1
4.51	3.42	1
-6.43	-5.31	1
10.49	10.48	1
-6.21	-4.61	1
2.52	2.92	1
-0.14	1.11	1
-3.35	-2.09	1
17.21	14.22	1
-2.86	-2.24	1
-4.17	-1.65	1
-2.62	-2.06	1
-4.03	-3.81	1
2.41	0.32	1
-12.73	-14.49	1
-6.26	-6.35	1
3.93	6.04	1
4.01	2.44	1
3.17	1.64	1
-3.46	-3.85	1
3.85	5.36	1
-4.56	-5.50	1
-9.73	-10.16	1
2.85	-0.75	1
0.68	1.99	1
-7.20	-7.01	1
-0.33	0.39	1
-11.26	-9.03	1
9.56	11.06	1
-5.48	-6.59	1
-6.69	-8.51	1
-0.49	0.76	1
-5.03	-5.29	1
-12.76	-10.31	1
-1.15	-0.93	1
-1.73	-2.56	1
2.51	1.14	1
-1.19	-1.79	1
0.46	2.49	1
-6.08	-4.83	1
-11.44	-9.93	1
4.55	3.27	1
13.45	11.48	1
4.09	5.78	1
2.74	5.52	1
15.20	14.72	1
-7.20	-5.60	1
-5.32	-4.05	1
-6.54	-5.53	1
3.54	4.21	1
-5.60	-6.86	1
-7.30	-6.98	1
3.26	4.04	1
-3.82	-3.18	1
-2.93	-2.78	1
-7.00	-8.41	1
3.78	2.54	1
-4.52	-4.66	1
3.65	4.86	1
2.65	4.27	1
8.58	8.67	1
-9.22	-8.97	1
8.39	8.75	1
-2.73	-3.52	1
0.32	0.42	1
-0.92	-3.40	1
-0.15	-0.59	1
5.94	7.11	1
2.39	0.49	1
2.48	2.34	1
5.56	3.99	1
-7.67	-8.72	1
3.61	4.37	1
11.45	10.07	1
2.29	2.13	1
-1.34	-1.28	1
8.77	8.93	1
1.89	-1.03	1
12.87	10.44	1
6.00	7.48	1
-4.99	-3.65	1
2.58	2.99	1
-3.70	-4.93	1
1.42	0.97	1
-11.33	-10.89	1
4.31	5.79	1
-12.31	-12.05	1
-3.40	0.02	1
-7.68	-8.74	1
-0.77	-1.50	1
-4.64	-1.97	1
7.97	6.78	1
-14.49	-17.34	1
0.92	4.14	1
7.85	8.48	1
1.45	2.37	1
10.41	12.27	1
-15.18	-14.62	1
10.02	10.53	1
0.47	-1.66	1
13.74	13.44	1
-6.49	-6.68	1
8.37	8.55	1
8.25	12.11	1
0.36	0.72	1
-0.81	-2.90	1
-0.56	-1.44	1
-3.91	-5.27	1
-3.85	-6.69	1
4.64	7.20	1
-1.07	-0.82	1
12.01	10.53	1
6.46	7.52	1
-12.00	-9.90	1
-9.89	-11.44	1
0.93	-0.35	1
-5.01	-5.19	1
4.38	3.01	1
-3.58	-3.96	1
0.43	-1.55	1
-7.52	-7.57	1
0.09	-0.14	1
4.72	3.71	1
-6.38	-6.19	1
5.52	6.50	1
6.24	7.22	1
7.29	7.39	1
0.62	1.58	1
-18.54	-19.23	1
-3.04	-4.12	1
6.71	7.05	1
8.82	8.50	1
-3.54	-2.92	1
6.45	4.40	1
0.07	0.28	1
-11.14	-10.95	1
-3.92	-2.90	1
-3.12	-5.15	1
-14.35	-16.33	1
-0.58	-0.76	1
-5.90	-4.67	1
-0.19	-2.70	1
1.07	0.11	1
19.15	17.38	1
-1.41	-1.48	1
3.16	2.36	1
-4.86	-5.34	1
20.89	19.03	1
12.30	12.39	1
-3.91	-3.04	1
1.37	2.05	1
4.47	1.67	1
5.31	5.69	1
-0.27	1.15	1
11.31	11.12	1
-18.64	-19.09	1
6.89	4.87	1
6.51	6.01	1
2.81	2.04	1
0.26	-0.66	1
1.46	0.49	1
-1.80	-1.82	1
1.45	-2.07	1
-2.21	-1.50	1
11.39	10.96	1
-16.46	-16.14	1
6.66	6.06	1
5.44	6.25	1
0.73	-0.30	1
-16.87	-16.62	1
-2.93	-4.90	1
4.23	2.56	1
16.55	16.51	1
-3.23	-4.86	1
-0.96	-0.70	1
6.62	8.73	1
-3.59	-6.25	1
-6.75	-9.66	1
-12.08	-10.54	1
-5.99	-6.43	1
-1.89	-1.24	1
4.37	4.54	1
-5.92	-2.16	1
5.99	5.51	1
10.68	9.11	1
-5.93	-5.48	1
-2.74	-1.74	1
3.57	1.16	1
-8.26	-10.47	1
-2.62	-1.55	1
-6.48	-4.98	1
4.44	6.81	1
1.64	1.58	1
4.41	5.49	1
8.43	9.57	1
-6.28	-5.82	1
2.43	4.47	1
2.12	0.07	1
4.76	4.73	1
-6.34	-5.87	1
7.84	8.66	1
-0.33	1.19	1
-13.33	-12.53	1
10.86	12.20	1
-6.82	-8.27	1
11.74	12.36	1
-10.21	-9.21	1
9.69	11.33	1
-14.35	-10.92	1
11.42	8.74	1
-0.13	0.03	1
-7.45	-6.79	1
11.42	10.17	1
10.58	11.60	1
2.32	2.10	1
10.72	9.99	1
-0.97	-1.15	1
22.52	19.81	1
-6.63	-6.01	1
-3.26	-1.09	1
2.93	2.26	1
5.52	6.25	1
-8.92	-6.94	1
12.39	11.66	1
13.93	15.59	1
-8.47	-7.04	1
-4.09	-2.02	1
4.35	7.12	1
-13.59	-15.23	1
7.78	7.81	1
-1.81	-1.72	1
16.35	16.24	1
-2.02	-1.63	1
7.04	4.93	1
-8.97	-8.95	1
13.38	13.69	1
12.07	10.22	1
2.28	3.68	1
-5.99	-7.30	1
-9.28	-10.27	1
-6.04	-5.69	1
-5.66	-5.18	1
-4.93	-5.78	1
-4.33	-2.79	1
-3.98	-3.57	1
-6.17	-5.18	1
5.85	7.00	1
7.89	7.15	1
12.94	14.92	1
-5.18	-5.94	1
4.80	5.04	1
-8.44	-7.83	1
-2.28	-1.20	1
-7.50	-8.85	1
-5.76	-7.29	1
4.67	5.69	1
3.63	2.19	1
1.68	-1.04	1
-15.57	-14.92	1
-1.15	-2.57	1
-1.76	-2.71	1
-0.89	-1.13	1
5.18	5.60	1
4.12	5.05	1
5.77	4.22	1
-6.28	-5.83	1
-5.21	-3.70	1
-2.74	-3.64	1
1.79	-0.88	1
-8.69	-6.81	1
3.29	5.13	1
6.13	5.13	1
-17.49	-16.01	1
-8.49	-8.41	1
10.82	11.53	1
-8.57	-8.39	1
-7.27	-7.25	1
-6.63	-5.77	1
1.87	1.94	1
-4.92	-6.98	1
-9.86	-9.99	1
7.11	6.50	1
-5.50	-5.50	1
0.14	2.22	1
-3.21	-2.57	1
-8.83	-6.01	1
3.56	3.38	1
-4.56	-3.43	1
3.85	0.66	1
2.18	3.61	1
-10.46	-11.30	1
1.36	2.53	1
14.10	15.40	1
3.61	4.80	1
-7.27	-7.14	1
3.35	2.43	1
4.75	4.13	1
1.77	0.14	1
2.73	3.97	1
13.56	14.55	1
-1.59	-3.39	1
-3.97	-2.09	1
-3.97	-4.43	1
5.51	5.75	1
-3.21	-1.67	1
-1.63	0.79	1
-6.54	-5.99	1
0.63	1.87	1
-10.88	-10.83	1
-1.25	-1.20	1
-3.06	-3.92	1
-7.64	-7.12	1
-5.86	-4.48	1
7.15	7.91	1
0.69	-0.20	1
-8.31	-7.99	1
6.47	6.17	1
2.78	1.17	1
-3.32	-4.73	1
1.88	3.84	1
-7.74	-11.08	1
2.37	4.62	1
4.92	7.44	1
10.58	12.50	1
-0.61	-2.09	1
-15.50	-16.80	1
-13.20	-13.47	1
-4.22	-4.84	1
-18.17	-19.72	1
3.65	2.56	1
-2.07	-2.97	1
-8.38	-9.99	1
7.80	7.55	1
-6.26	-4.27	1
-3.57	-5.97	1
13.94	11.59	1
-3.51	-3.12	1
-1.84	-0.71	1
6.75	5.15	1
-3.72	-3.19	1
2.58	3.83	1
6.10	5.40	1
-7.01	-6.49	1
-2.82	-2.33	1
-4.66	-3.59	1
-0.32	0.22	1
-3.63	-4.09	1
-1.00	-0.37	1
11.51	12.07	1
-7.18	-7.84	1
3.16	3.54	1
3.05	2.86	1
-2.93	-2.04	1
7.42	7.42	1
0.04	2.49	1
-13.20	-13.70	1
3.09	4.13	1
-0.21	0.91	1
-10.60	-10.05	1
-5.28	-0.91	1
0.39	1.83	1
3.29	2.52	1
-6.46	-7.08	1
2.13	3.34	1
10.35	10.07	1
-1.13	-1.86	1
6.33	5.05	1
8.69	7.67	1
-2.22	-2.44	1
0.39	-1.90	1
6.34	6.93	1
-3.32	-2.37	1
11.99	12.35	1
2.75	3.95	1
7.18	7.42	1
12.05	13.17	1
-3.10	-1.74	1
0.90	1.74	1
1.10	1.30	1
-4.27	-6.43	1
13.48	11.57	1
-1.14	-2.14	1
9.85	7.79	1
-1.32	0.55	1
-10.17	-10.08	1
4.34	3.89	1
3.35	4.15	1
-12.42	-14.75	1
-7.92	-6.59	1
10.48	10.26	1
8.23	8.29	1
5.65	4.46	1
-8.98	-7.34	1
-10.99	-9.02	1
-2.90	-3.82	1
-1.06	-1.88	1
8.76	9.85	1
0.01	0.42	1
-3.38	-2.41	1
5.78	3.88	1
8.68	6.63	1
-0.31	0.46	1
-0.97	0.96	1
2.34	2.80	1
4.98	5.97	1
-8.47	-9.39	1
-11.18	-11.41	1
3.06	4.45	1
-13.22	-11.10	1
1.83	3.01	1
-0.89	-0.23	1
0.82	-1.43	1
6.03	6.06	1
3.97	2.09	1
11.11	11.90	1
-3.35	-1.89	1
0.05	1.51	1
0.12	-0.59	1
-5.37	-4.15	1
2.43	4.32	1
-0.44	1.94	1
-3.29	-5.31	1
-0.05	-0.15	1
7.48	9.72	1
9.25	10.52	1
-2.28	-1.34	1
6.39	6.59	1
14.22	12.76	1
1.98	0.55	1
-10.31	-8.15	1
15.11	16.48	1
-3.24	-2.01	1
1.19	1.62	1
-3.65	-3.07	1
-6.25	-6.98	1
-11.22	-10.78	1
12.86	14.76	1
2.63	2.98	1
-2.71	-0.40	1
-2.02	-2.80	1
11.11	11.15	1
-6.71	-4.81	1
3.06	2.07	1
1.05	2.99	1
7.73	6.78	1
0.70	-1.02	1
-2.57	-4.28	1
-3.82	-5.54	1
-9.74	-12.44	1
-9.24	-7.99	1
2.98	1.77	1
3.92	4.95	1
1.42	0.18	1
-6.86	-7.74	1
-12.93	-10.68	1
1.30	1.99	1
-3.59	-2.68	1
2.70	2.20	1
-5.99	-6.94	1
-7.36	-8.64	1
5.97	6.86	1
-1.10	-0.64	1
9.08	8.43	1
-2.15	-2.09	1
3.54	3.57	1
-14.40	-15.20	1
-2.12	-5.15	1
-1.47	-2.69	1
-3.71	-3.59	1
7.28	9.54	1
3.13	5.13	1
-12.77	-13.64	1
0.04	0.78	1
4.90	4.04	1
-2.62	-2.56	1
7.09	5.58	1
-6.41	-8.31	1
1.11	0.39	1
-7.57	-7.29	1
-5.03	-5.58	1
-11.31	-11.07	1
7.13	7.41	1
0.76	1.83	1
3.37	4.97	1
0.01	-0.71	1
-2.58	-5.05	1
-14.41	-14.55	1
2.04	3.07	1
14.09	13.03	1
11.62	9.51	1
9.98	-3.93	2
-14.20	4.40	2
2.80	1.08	2
10.78	-0.68	2
12.36	-5.64	2
11.66	-1.99	2
-3.08	-1.15	2
-4.65	1.96	2
-2.57	-0.45	2
-5.82	1.89	2
-1.04	-0.05	2
14.54	-2.94	2
8.33	-4.57	2
-9.50	2.39	2
-14.13	3.22	2
-2.80	2.68	2
-12.02	3.87	2
7.11	-1.22	2
-7.36	2.39	2
-9.94	1.97	2
6.46	-2.82	2
-7.31	2.83	2
4.15	-1.22	2
9.52	-0.51	2
-14.54	5.28	2
-1.07	0.10	2
-8.55	2.80	2
-20.02	6.92	2
-29.34	8.23	2
7.05	-1.40	2
-6.19	-0.01	2
-12.04	4.99	2
-1.08	1.88	2
-11.74	3.19	2
1.68	0.88	2
22.28	-7.10	2
-7.64	2.85	2
-19.51	7.53	2
-3.61	1.53	2
3.00	-2.71	2
-6.71	3.50	2
6.08	-1.51	2
0.97	-0.67	2
12.95	-3.01	2
-15.49	5.07	2
5.88	-1.54	2
-9.68	3.49	2
8.26	-2.57	2
0.81	1.13	2
2.88	-0.54	2
16.10	-3.40	2
-1.46	0.96	2
-12.38	3.65	2
8.46	-2.61	2
-3.84	-1.04	2
-6.86	3.44	2
-7.42	2.61	2
9.49	-2.98	2
3.16	-0.62	2
15.82	-3.22	2
-17.95	5.58	2
-14.02	3.44	2
-10.54	2.90	2
-15.36	4.61	2
8.92	-3.26	2
24.34	-7.39	2
5.89	-2.69	2
-9.36	1.65	2
1.47	0.26	2
-6.08	3.42	2
-25.52	7.17	2
-17.11	4.59	2
8.12	-2.47	2
-10.36	3.59	2
-18.74	4.07	2
1.63	-2.15	2
-6.42	1.97	2
10.10	-2.31	2
-10.25	1.78	2
-1.98	0.71	2
-15.04	3.86	2
13.11	-3.97	2
-13.15	2.23	2
-16.98	3.64	2
-6.63	3.04	2
-11.85	3.24	2
12.27	-4.65	2
6.64	-3.20	2
-9.08	1.32	2
2.22	-0.46	2
2.35	-0.61	2
-15.51	3.47	2
-0.27	-1.29	2
4.21	-0.93	2
2.33	-1.48	2
-7.87	1.15	2
11.53	-3.08	2
-8.61	2.48	2
11.86	-0.79	2
8.00	-1.00	2
13.22	-4.61	2
3.01	-0.51	2
-6.99	2.76	2
12.43	-3.01	2
-14.00	4.22	2
-13.55	4.39	2
-8.65	3.45	2
19.76	-4.76	2
8.19	-0.72	2
15.37	-3.96	2
7.33	-2.26	2
-6.30	1.33	2
2.66	-1.25	2
-0.36	-0.71	2
-3.81	0.96	2
1.45	-2.03	2
1.19	0.91	2
-0.12	-0.14	2
-12.95	2.68	2
-0.84	0.45	2
-1.34	-1.73	2
27.14	-8.06	2
5.72	-1.15	2
1.04	0.12	2
10.54	-3.36	2
4.47	-0.77	2
-5.80	2.09	2
3.77	-2.69	2
7.30	-0.70	2
-2.01	-0.56	2
-3.88	2.17	2
-0.75	-0.21	2
-3.55	0.85	2
20.27	-7.09	2
-1.57	0.49	2
-6.80	3.21	2
2.08	-1.30	2
-2.63	0.66	2
7.70	-1.54	2
-6.89	1.56	2
-4.46	0.75	2
-7.08	2.56	2
3.70	-0.69	2
-2.76	2.54	2
-6.50	0.79	2
-5.41	0.66	2
3.48	-1.24	2
-16.08	4.78	2
-22.02	6.06	2
-7.97	1.90	2
4.18	-0.87	2
9.93	-2.33	2
-9.76	1.34	2
-7.52	1.52	2
-5.10	0.79	2
-12.36	3.97	2
-10.88	2.41	2
4.66	-0.46	2
-5.95	0.98	2
-1.24	-2.32	2
-16.37	4.46	2
-10.25	0.94	2
17.78	-5.03	2
-15.22	5.77	2
-2.82	-0.30	2
16.07	-5.85	2
12.40	-3.32	2
-7.86	1.89	2
-8.51	2.74	2
4.62	0.29	2
15.54	-2.92	2
5.18	-1.61	2
-6.96	2.70	2
2.21	-1.72	2
9.17	-1.80	2
-12.18	3.87	2
1.68	-0.38	2
-2.37	-1.12	2
-1.72	1.14	2
-3.98	1.66	2
26.64	-5.70	2
1.74	0.64	2
-11.38	1.46	2
-9.88	1.11	2
-11.98	4.11	2
-3.22	3.23	2
-11.15	2.73	2
-8.14	1.59	2
11.32	-2.27	2
2.41	0.43	2
7.07	0.65	2
20.31	-5.47	2
1.81	-0.40	2
-5.67	1.34	2
3.70	-1.64	2
4.60	-3.15	2
4.71	-2.28	2
6.88	-3.50	2
-4.38	2.65	2
-16.11	2.95	2
-3.38	1.57	2
-1.21	-0.10	2
-12.21	4.13	2
-26.16	7.83	2
16.12	-5.87	2
-18.61	4.06	2
19.47	-4.63	2
-9.35	2.56	2
-15.82	4.19	2
6.86	-2.16	2
-5.00	2.56	2
-10.04	1.60	2
-3.58	0.65	2
-12.10	3.50	2
-5.84	-0.68	2
-7.48	0.72	2
-3.06	1.65	2
-7.19	1.00	2
-14.06	4.85	2
9.20	-4.02	2
-0.76	0.09	2
-15.40	4.25	2
-11.16	1.90	2
-0.06	-0.41	2
-9.59	4.38	2
18.98	-3.73	2
9.47	-3.94	2
0.33	1.75	2
6.01	-1.30	2
2.55	-1.38	2
14.30	-2.84	2
-0.48	0.48	2
12.04	-1.50	2
1.60	-0.37	2
2.70	0.02	2
-8.43	2.98	2
-9.39	3.46	2
-6.92	3.50	2
0.82	-0.26	2
6.54	-1.51	2
-10.60	2.42	2
-3.24	2.25	2
-16.41	3.87	2
2.03	-0.85	2
-2.25	-0.15	2
24.38	-5.52	2
6.91	-1.02	2
-0.67	-0.06	2
-5.96	1.20	2
10.55	-1.07	2
-1.89	-0.28	2
7.51	-2.63	2
-6.37	2.57	2
-0.89	2.53	2
-4.00	1.44	2
-3.00	2.53	2
16.52	-3.43	2
2.37	-0.01	2
6.93	-0.41	2
-8.69	2.56	2
16.36	-6.17	2
2.55	0.82	2
3.62	-1.72	2
10.09	-1.95	2
-19.63	4.53	2
-3.78	1.01	2
-3.28	-0.23	2
10.51	-3.54	2
5.99	-1.05	2
0.88	0.55	2
3.09	-0.34	2
9.92	-4.46	2
2.51	-0.36	2
5.13	-1.86	2
-3.79	2.05	2
1.91	-3.05	2
3.67	-0.77	2
17.48	-5.08	2
7.70	-1.25	2
-3.81	0.70	2
2.87	-0.60	2
15.06	-3.92	2
12.85	-5.11	2
-16.06	4.23	2
-9.17	2.58	2
-11.16	4.46	2
-16.68	4.15	2
-10.20	2.22	2
-2.35	0.40	2
8.66	-3.05	2
-7.05	1.49	2
5.75	-0.38	2
-9.57	2.89	2
-1.85	0.59	2
8.63	-0.86	2
-4.32	0.98	2
-4.83	3.58	2
-14.43	3.67	2
-2.65	-0.29	2
-12.46	0.64	2
25.69	-5.65	2
16.37	-3.21	2
10.58	-3.50	2
1.84	-1.39	2
-1.02	-1.48	2
15.04	-2.99	2
2.44	-0.92	2
12.07	-4.58	2
-14.57	3.47	2
-9.20	0.99	2
2.06	-1.36	2
1.02	-0.65	2
-2.85	1.21	2
-12.99	3.95	2
-10.57	2.99	2
-18.18	4.26	2
-0.44	-0.67	2
8.34	-1.72	2
23.33	-5.42	2
-14.28	4.07	2
11.85	-3.50	2
-14.84	3.18	2
-2.70	0.22	2
14.35	-2.81	2
7.45	-0.97	2
-4.78	1.07	2
6.21	-1.05	2
8.96	-1.77	2
2.94	-0.72	2
2.26	0.29	2
3.51	-0.18	2
3.53	-0.88	2
-3.77	0.10	2
-18.98	5.34	2
-4.92	2.09	2
-12.67	4.35	2
5.97	-1.03	2
6.96	-1.38	2
-7.08	2.07	2
-1.47	-0.21	2
3.60	-1.60	2
14.85	-5.14	2
13.20	-5.05	2
-5.63	1.65	2
11.08	-3.00	2
2.23	0.34	2
1.45	0.97	2
2.52	0.13	2
-6.66	3.47	2
5.24	-1.06	2
-6.01	2.69	2
3.75	-1.96	2
-11.52	3.40	2
8.52	-2.74	2
-5.85	3.52	2
11.85	-2.87	2
-9.43	3.23	2
4.37	-1.58	2
-28.55	7.31	2
7.12	-1.64	2
2.44	-0.74	2
2.44	0.30	2
1.70	-0.63	2
-17.31	4.73	2
-3.65	2.04	2
1.86	-1.91	2
-3.04	0.06	2
1.76	-0.89	2
5.15	-1.66	2
17.31	-4.85	2
0.91	0.85	2
10.68	-3.03	2
-3.68	2.00	2
16.49	-6.22	2
6.15	-2.64	2
2.95	-1.22	2
-2.95	1.85	2
-9.84	3.60	2
22.44	-5.39	2
-3.90	-0.05	2
-7.80	1.29	2
-5.79	2.75	2
-3.06	1.39	2
-5.35	1.11	2
28.26	-6.98	2
13.99	-1.45	2
-0.56	-1.59	2
-1.42	-1.75	2
8.36	-1.29	2
14.70	-2.59	2
-13.46	2.54	2
17.42	-5.41	2
5.13	0.51	2
-5.44	-0.65	2
-4.26	1.15	2
8.38	-2.15	2
-0.32	0.48	2
6.29	-3.10	2
-5.30	1.49	2
-5.33	0.71	2
0.11	-0.17	2
-16.04	4.74	2
14.99	-4.30	2
10.56	-3.05	2
-0.39	0.00	2
-0.44	1.98	2
6.22	-1.87	2
5.58	2.11	2
-8.08	2.33	2
-7.58	1.42	2
-4.01	1.14	2
-13.69	3.83	2
1.75	-0.62	2
-8.29	3.11	2
4.45	-1.26	2
-4.12	0.96	2
13.72	-4.15	2
-4.73	1.46	2
13.68	-3.50	2
2.51	0.24	2
-0.57	-0.05	2
-11.56	2.34	2
10.32	-1.56	2
23.21	-5.87	2
3.81	-2.11	2
-9.26	3.58	2
-9.68	2.07	2
-6.36	2.76	2
10.70	-3.92	2
-16.04	3.97	2
1.36	-1.31	2
0.29	0.12	2
2.15	-0.59	2
5.85	-2.30	2
-0.83	-1.98	2
-5.77	0.43	2
-4.54	1.14	2
-1.61	-0.76	2
-13.72	2.82	2
7.94	-4.32	2
-9.50	3.95	2
0.72	-1.06	2
10.81	-2.17	2
12.29	-3.33	2
15.48	-3.44	2
13.64	-2.52	2
5.44	-0.26	2
4.98	-0.41	2
13.97	-2.75	2
4.03	-1.17	2
-7.36	0.40	2
-15.52	3.74	2
-3.75	0.74	2
1.78	0.74	2
0.65	-0.21	2
15.69	-3.06	2
18.66	-4.31	2
8.44	-2.45	2
-7.36	-0.50	2
0.17	1.52	2
-3.27	1.32	2
-3.22	1.33	2
5.40	-0.94	2
-1.27	-1.39	2
10.05	-4.25	2
11.66	-2.33	2
-13.49	4.51	2
-0.61	0.70	2
4.72	-1.23	2
-16.84	5.18	2
0.67	0.11	2
10.04	-3.03	2
-0.58	-0.11	2
-6.69	0.53	2
-17.36	4.36	2
11.98	-3.07	2
-10.36	4.40	2
4.24	-1.51	2
-5.60	1.56	2
-0.91	0.74	2
0.17	1.32	2
-5.19	2.87	2
-9.25	2.17	2
2.50	-0.29	2
-10.48	2.53	2
1.35	-1.27	2
2.92	-0.89	2
4.57	-1.58	2
-14.40	5.49	2
-2.08	0.82	2
4.94	-1.50	2
12.69	-3.48	2
12.30	-2.60	2
19.81	-4.80	2
16.38	-2.96	2
-0.38	0.02	2
-0.83	1.39	2
6.78	-2.38	2
-6.08	2.48	2
-3.49	0.09	2
10.44	-2.89	2
-13.25	4.02	2
8.17	-2.11	2
-17.05	3.22	2
14.42	-5.07	2
-1.26	-0.86	2
-8.06	2.38	2
7.48	-2.15	2
17.88	-3.72	2
-2.97	0.84	2
10.11	-3.00	2
-16.66	3.09	2
9.48	-0.34	2
-3.49	0.76	2
-5.07	2.06	2
-3.95	1.30	2
20.90	-3.70	2
2.43	1.47	2
-4.51	1.43	2
7.86	-0.36	2
-12.51	4.48	2
-1.48	-0.90	2
-0.53	-0.55	2
1.02	-0.01	2
9.97	-1.58	2
6.21	-0.90	2
10.32	-1.62	2
-10.58	3.99	2
15.14	-2.26	2
0.92	0.55	2
-8.73	3.14	2
-1.88	1.18	2
8.35	-0.35	2
-2.85	0.44	2
7.99	-1.22	2
2.06	1.05	2
8.61	-2.35	2
18.85	-3.26	2
-8.71	2.84	2
-5.51	2.43	2
-16.95	3.90	2
-1.37	0.34	2
14.57	-4.01	2
-3.65	2.33	2
16.61	-6.16	2
-0.52	-0.83	2
2.30	-0.01	2
-2.81	0.60	2
3.46	-0.64	2
4.93	-0.24	2
-19.76	4.61	2
0.50	-1.70	2
0.37	1.00	2
-16.98	2.94	2
-12.04	4.27	2
8.03	-2.17	2
5.11	-0.84	2
-1.38	0.75	2
-1.54	-0.34	2
-0.07	0.94	2
2.96	-1.98	2
4.72	-1.21	2
-3.86	2.33	2
4.62	-0.93	2
-9.78	1.86	2
5.06	-0.82	2
-14.96	4.24	2
-2.01	-0.14	2
-11.16	2.92	2
-7.29	1.09	2
-18.65	3.98	2
6.38	-0.27	2
25.19	-6.11	2
5.82	-1.80	2
-12.78	2.05	2
-13.81	2.50	2
-18.87	6.23	2
11.40	-1.81	2
-2.14	-0.79	2
20.14	-5.13	2
-2.47	1.24	2
-9.05	2.78	2
-5.42	3.02	2
-10.92	0.98	2
4.57	-1.12	2
-5.22	-0.10	2
14.47	-4.18	2
-1.22	-0.40	2
-4.76	-0.41	2
3.91	-2.07	2
-6.95	3.51	2
-14.56	3.09	2
12.31	-2.12	2
16.34	-4.67	2
-14.60	4.77	2
8.46	-0.19	2
9.51	-0.46	2
18.22	-6.16	2
1.57	1.79	2
6.57	-3.15	2
-11.16	1.54	2
9.70	-1.62	2
7.92	-3.29	2
8.18	-2.29	2
-6.44	1.43	2
2.00	-0.92	2
7.82	-2.33	2
-12.07	1.63	2
4.32	-1.75	2
-13.09	3.95	2
-0.73	1.39	2
-1.65	1.30	2
-5.88	1.84	2
1.62	1.25	2
12.03	-3.69	2
14.78	-4.21	2
-10.74	1.34	2
-7.50	2.16	2
0.76	0.85	2
-7.55	2.21	2
-6.80	2.55	2
-4.09	-0.09	2
3.57	-0.43	2
-19.57	4.39	2
16.30	-3.07	2
-7.91	1.67	2
6.77	-2.23	2
-1.02	0.38	2
11.59	-2.02	2
8.19	-3.15	2
-5.32	1.06	2
1.60	1.20	2
4.27	-0.17	2
8.34	-2.43	2
3.68	0.93	2
4.72	-0.56	2
6.34	-3.70	2
1.03	1.74	2
0.66	0.38	2
-10.82	3.52	2
7.77	-1.36	2
17.44	-4.42	2
5.62	-2.87	2
9.18	-2.88	2
6.68	-0.37	2
0.99	-1.73	2
-2.70	0.59	2
1.13	0.08	2
-2.96	1.23	2
8.83	-3.15	2
-7.04	1.29	2
-8.52	2.34	2
6.82	-1.56	2
13.80	-2.50	2
1.27	1.34	2
-12.15	2.98	2
14.91	-4.62	2
-0.51	-0.36	2
-0.56	-0.80	2
-5.64	2.52	2
-6.08	1.87	2
11.39	-2.38	2
-5.68	1.57	2
5.72	-2.45	2
10.27	-2.84	2
-1.74	0.61	2
10.95	-2.33	2
-4.99	1.95	2
1.23	-0.75	2
-0.67	-0.24	2
19.24	-4.83	2
6.04	-2.85	2
-3.78	-0.39	2
20.33	-4.65	2
-2.98	-0.81	2
-0.86	1.63	2
-10.48	1.69	2
2.34	-0.29	2
-0.50	-0.84	2
-1.41	0.99	2
3.95	-2.41	2
-0.87	-1.43	2
-3.19	-0.97	2
-5.13	1.30	2
7.51	0.12	2
0.71	0.77	2
-3.97	-0.71	2
-5.33	1.57	2
15.45	-3.54	2
-6.58	1.39	2
19.40	-4.58	2
2.17	-2.87	2
9.22	-2.65	2
9.25	-3.73	2
3.36	-0.09	2
7.46	-2.09	2
-1.99	2.10	2
8.29	-1.37	2
10.09	-1.34	2
4.14	-1.52	2
-5.37	3.19	2
-5.43	0.96	2
11.00	-3.60	2
0.84	0.41	2
14.80	-3.50	2
-22.72	4.65	2
4.22	-0.32	2
-5.42	1.28	2
3.32	-0.23	2
6.82	-0.65	2
6.08	-1.88	2
-18.75	3.76	2
-12.54	5.21	2
-1.10	-0.34	2
0.09	2.10	2
2.17	-0.26	2
1.47	-1.38	2
-2.78	-0.46	2
-7.62	0.93	2
-15.13	1.58	2
5.89	-0.20	2
-20.07	5.81	2
15.69	-3.33	2
-7.59	1.59	2
-3.87	2.55	2
-9.73	1.60	2
1.21	-1.49	2
-13.72	2.23	2
-2.94	1.08	2
2.74	-0.92	2
5.09	-0.51	2
4.78	-2.43	2
-9.68	3.73	2
-2.45	1.50	2
9.56	-2.40	2
-2.44	0.52	2
5.67	-1.81	2
10.58	-2.86	2
3.69	2.00	2
-1.78	0.07	2
-0.09	-0.15	2
7.47	-1.65	2
-7.21	0.20	2
5.46	-1.99	2
2.18	-0.55	2
2.42	0.83	2
1.45	-1.54	2
-5.44	1.60	2
-3.86	-1.32	2
0.03	-0.07	2
0.59	-0.21	2
3.04	0.53	2
2.21	-2.87	2
0.46	0.77	2
-3.26	1.38	2
-7.80	0.40	2
17.31	-2.82	2
-2.11	2.23	2
13.69	-4.38	2
-5.82	1.56	2
5.39	-1.99	2
-4.05	1.84	2
-5.15	2.45	2
23.29	-7.30	2
12.81	-2.53	2
3.56	-1.46	2
3.16	0.10	2
0.83	0.51	2
-1.06	0.01	2
8.47	-1.90	2
-5.90	1.42	2
9.91	-2.76	2
13.37	-4.66	2
6.07	-0.74	2
-5.90	0.76	2
-7.07	1.57	2
-5.68	2.03	2
7.72	-3.54	2
-3.29	-0.51	2
-4.33	0.94	2
4.91	-2.86	2
7.88	-0.94	2
-11.03	2.95	2
-4.12	0.48	2
6.99	-1.86	2
-1.55	-0.91	2
6.68	-2.59	2
-0.17	1.14	2
2.83	0.21	2
3.93	-1.73	2
11.91	-4.36	2
6.31	-2.17	2
-9.60	1.05	2
-5.87	1.33	2
5.27	-3.02	2
-9.93	3.34	2
-1.75	0.51	2
10.65	-4.91	2
2.52	0.14	2
-19.56	5.29	2
8.72	-2.00	2
-9.60	2.86	2
-3.43	2.92	2
2.36	-0.96	2
11.19	-1.17	2
-2.43	1.32	2
10.53	-4.40	2
10.52	-2.56	2
-8.38	4.48	2
-8.46	2.77	2
-4.33	-1.06	2
-4.03	2.44	2
-5.17	2.06	2
2.07	-0.68	2
14.00	-2.73	2
-10.21	2.28	2
3.03	-1.64	2
2.63	-0.29	2
-1.00	-0.19	2
0.86	-0.98	2
-5.44	3.03	2
-3.06	1.79	2
20.13	-3.36	2
11.60	-1.81	2
-17.29	5.54	2
-11.72	4.37	2
-8.44	2.88	2
-9.69	2.86	2
5.68	-0.38	2
3.13	-0.98	2
-19.09	6.24	2
10.59	-4.58	2
1.37	0.22	2
23.09	-5.17	2
1.77	1.59	2
7.94	-1.46	2
-11.97	5.09	2
11.96	-3.88	2
-2.99	0.32	2
-12.40	2.50	2
2.74	0.20	2
17.31	-3.11	2
-8.17	3.90	2
-12.09	4.29	2
0.80	0.96	2
-4.60	2.64	2
-15.12	4.41	2
-6.09	2.22	2
12.04	-1.72	2
3.73	-0.35	2
12.75	-2.24	2
-8.44	2.16	2
21.96	-6.81	2
-7.78	2.32	2
-3.53	1.42	2
2.01	-2.16	2
13.98	-5.05	2
9.02	-0.21	2
-1.00	-0.40	2
-8.05	1.80	2
7.54	-1.19	2
-7.83	2.17	2
3.02	-0.23	2
0.09	-0.36	2
-13.97	2.76	2
-7.94	1.80	2
14.31	-2.07	2
-2.52	0.94	2
9.53	-1.49	2
6.94	-3.00	2
-2.51	-0.23	2
-1.21	1.39	2
-12.17	4.39	2
-7.10	2.98	2
-10.07	1.63	2
-15.72	1.88	2
-24.63	5.51	2
0.91	0.09	2
10.73	-1.32	2
-4.99	1.57	2
-14.79	5.04	2
-8.99	1.89	2
-15.55	3.04	2
5.97	-2.16	2
-4.21	0.79	2
-1.75	1.28	2
9.40	-1.73	2
-0.44	0.32	2
-13.66	3.58	2
6.51	-3.17	2
-2.21	1.32	2
-0.70	1.69	2
15.00	-3.07	2
-15.16	3.91	2
-3.86	2.23	2
-6.94	1.32	2
2.59	0.20	2
-11.14	3.93	2
-7.94	4.64	2
-6.84	3.86	2
5.59	-1.59	2
11.71	-2.84	2
4.14	-1.08	2
-22.01	6.89	2
0.34	0.49	2
8.50	-2.68	2
-4.65	-0.04	2
4.88	-1.03	2
-8.88	2.40	2
13.51	-4.31	2
5.14	-2.46	2
-5.95	1.46	2
9.96	-1.21	2
15.50	-3.54	2
13.27	-4.25	2
-5.59	1.85	2
-2.38	0.86	2
-0.74	1.47	2
-12.08	3.53	2
-17.36	4.76	2
-0.06	-0.65	2
-4.96	2.20	2
-9.74	3.38	2
1.62	-0.58	2
6.42	-0.83	2
0.04	-0.23	2
-7.13	2.99	2
-14.84	4.70	2
1.68	-1.37	2
-5.96	3.31	2
12.30	-4.89	2
7.46	-0.67	2
10.39	-2.36	2
9.35	-3.67	2
-9.64	2.95	2
2.58	-0.12	2
3.78	-0.60	2
-14.32	1.12	2
5.34	-0.66	2
1.29	0.03	2
-0.32	-0.35	2
-5.80	1.52	2
4.65	-3.03	2
-7.14	1.11	2
-5.48	-0.15	2
-11.33	2.74	2
-11.59	4.35	2
-3.18	0.58	2
-6.94	1.90	2
-0.90	-1.54	2
0.33	0.05	2
-7.48	1.42	2
-4.87	1.74	2
-5.48	2.39	2
8.70	-2.37	2
-3.81	1.48	2
-17.45	4.48	2
-1.25	-0.05	2
-13.77	2.78	2
8.89	-3.65	2
-3.55	0.26	2
-8.09	1.81	2
-2.03	0.80	2
5.33	-0.85	2
3.52	-0.12	2
-2.95	0.54	2
0.48	-0.84	2
-9.75	1.86	2
4.02	-1.73	2
1.32	-1.57	2
12.55	-2.72	2
1.87	-0.26	2
0.79	1.21	2
12.09	-5.08	2
0.66	-0.88	2
-6.02	0.42	2
-5.77	1.87	2
-1.07	1.79	2
-3.77	1.99	2
-0.33	1.60	2
-7.10	2.39	2
7.29	-1.25	2
-4.95	2.69	2
-11.68	3.29	2
-7.79	1.34	2
-16.19	5.44	2
-14.18	2.55	2
12.26	-1.26	2
1.92	-1.44	2
-3.12	0.58	2
3.17	-2.26	2
-9.45	3.32	2
10.21	-3.02	2
-6.03	1.64	2
2.14	0.03	2
4.31	-0.83	2
-1.59	0.85	2
-2.06	0.97	2
-12.02	2.56	2
-11.57	2.25	2
0.37	0.65	3
-2.52	10.59	3
-2.54	8.83	3
3.25	-10.99	3
-3.55	13.52	3
-0.22	0.21	3
-5.03	17.85	3
3.33	-12.37	3
2.04	-9.68	3
-2.62	15.12	3
-3.88	17.86	3
-2.41	2.24	3
-1.58	5.46	3
-2.67	9.91	3
-0.80	-2.18	3
3.19	-13.98	3
-2.12	8.99	3
-2.41	2.85	3
-2.21	13.89	3
-0.06	4.38	3
3.18	-11.35	3
2.54	-4.56	3
-2.00	-0.53	3
2.21	-5.14	3
1.30	-8.25	3
-1.64	1.54	3
0.56	-1.11	3
-1.50	11.38	3
1.96	-9.50	3
-4.18	15.90	3
-1.95	8.34	3
-1.67	7.06	3
5.30	-15.42	3
-0.81	7.56	3
-2.83	10.13	3
-0.88	2.20	3
-6.18	20.08	3
-2.29	9.19	3
-1.23	0.60	3
1.49	-7.01	3
4.21	-13.80	3
2.20	-12.64	3
0.04	2.05	3
-3.88	9.45	3
-0.61	1.32	3
-2.55	6.98	3
-0.23	1.87	3
1.41	-2.49	3
-1.32	7.56	3
0.74	0.08	3
0.53	1.64	3
0.74	0.06	3
3.23	-5.55	3
0.54	-5.75	3
1.41	-2.28	3
-5.56	17.23	3
-3.92	14.44	3
2.86	-15.73	3
-4.22	16.36	3
4.00	-12.56	3
4.09	-11.71	3
-1.03	-0.07	3
1.60	-12.70	3
0.05	-5.25	3
-1.52	2.22	3
2.29	-8.01	3
-1.53	5.33	3
0.67	-1.08	3
-5.29	17.18	3
2.71	-12.70	3
1.51	2.37	3
5.26	-13.36	3
-1.58	10.25	3
0.30	-2.26	3
1.83	-5.45	3
1.51	-14.10	3
1.45	-5.73	3
-3.46	13.80	3
3.74	-12.70	3
0.40	-1.80	3
-5.21	12.02	3
3.24	-16.85	3
1.60	-5.42	3
1.49	-1.50	3
6.03	-21.60	3
-6.15	26.94	3
0.35	2.12	3
-3.22	10.61	3
1.99	-4.16	3
-3.78	9.38	3
0.47	0.28	3
-1.88	10.02	3
1.12	-5.07	3
1.85	1.53	3
-2.82	9.92	3
3.04	-10.56	3
-0.19	-0.92	3
4.91	-10.88	3
-4.01	10.49	3
0.29	1.46	3
-0.05	4.34	3
0.74	-4.73	3
6.69	-22.60	3
0.20	-5.34	3
4.20	-15.28	3
-4.34	12.00	3
1.34	-5.81	3
-2.62	15.03	3
1.41	-7.65	3
-2.79	10.25	3
2.74	-8.15	3
-2.13	7.69	3
1.17	-6.70	3
-1.46	-1.76	3
-2.40	6.34	3
1.42	-0.37	3
4.25	-12.63	3
0.31	1.72	3
1.72	-5.38	3
-0.80	3.53	3
-0.60	-3.64	3
-4.99	6.42	3
0.92	-5.13	3
-0.39	7.91	3
2.49	-11.77	3
-3.49	10.15	3
3.05	-7.65	3
-0.35	-1.17	3
4.60	-12.08	3
2.75	-5.26	3
3.72	-12.61	3
2.90	-10.52	3
0.92	-9.64	3
2.87	-10.44	3
0.85	-2.36	3
-1.01	-0.96	3
3.97	-14.30	3
-3.90	13.41	3
0.74	-5.30	3
-1.38	4.00	3
-5.18	16.35	3
4.39	-14.77	3
-0.53	-1.29	3
0.45	-3.17	3
-1.99	6.08	3
5.71	-16.04	3
4.44	-16.82	3
0.66	1.81	3
-3.26	8.51	3
3.46	-9.38	3
-0.91	-6.27	3
2.74	-13.22	3
3.39	-12.83	3
3.23	-13.95	3
2.91	-13.63	3
-0.10	-7.22	3
0.24	-5.52	3
3.62	-5.10	3
-1.68	9.59	3
0.32	2.41	3
2.82	-2.18	3
1.31	-2.95	3
-0.78	1.43	3
-1.08	7.48	3
-3.54	6.91	3
-2.37	10.07	3
1.19	-0.33	3
2.10	-5.27	3
0.56	1.25	3
-2.33	7.33	3
-0.13	-0.68	3
3.08	-13.05	3
2.09	-3.03	3
-0.26	2.87	3
0.58	1.19	3
-0.46	1.98	3
-2.23	8.89	3
2.53	-10.21	3
1.92	-2.41	3
1.59	-5.51	3
-6.17	21.90	3
1.14	-5.01	3
-4.86	15.44	3
-1.91	6.27	3
3.00	-8.50	3
-2.13	4.42	3
1.37	-2.18	3
-3.26	13.53	3
-2.72	12.78	3
-1.08	-1.26	3
-0.49	7.39	3
2.26	-10.39	3
4.13	-12.95	3
-0.93	6.42	3
0.08	0.35	3
2.27	-7.38	3
-4.50	16.20	3
-1.55	4.36	3
-4.79	10.61	3
-0.93	3.87	3
3.32	-14.10	3
-3.88	9.75	3
-4.09	16.37	3
0.76	3.49	3
1.58	-8.49	3
-0.95	6.77	3
-0.54	0.70	3
0.28	1.89	3
-4.03	16.18	3
-0.57	-0.98	3
-4.70	14.42	3
1.65	-4.42	3
2.53	-9.07	3
-5.12	24.09	3
0.26	-3.90	3
-0.48	1.56	3
2.88	-16.01	3
1.04	-1.48	3
5.74	-18.91	3
3.79	-11.09	3
2.62	-2.98	3
-3.17	10.75	3
1.53	-2.45	3
-3.09	5.11	3
1.88	-4.55	3
0.55	-5.64	3
0.76	-9.96	3
-1.53	2.56	3
-2.27	4.15	3
4.00	-15.99	3
2.64	-8.56	3
3.63	-18.05	3
-2.00	4.46	3
-0.20	-8.94	3
3.20	-4.79	3
0.37	-1.32	3
3.77	-15.71	3
0.73	0.15	3
-0.44	7.18	3
-2.75	3.74	3
-0.71	-0.96	3
-2.95	10.11	3
-0.83	-0.91	3
0.92	-6.10	3
2.84	-10.97	3
4.28	-17.29	3
-3.34	10.05	3
0.16	0.62	3
-2.69	6.68	3
2.35	-10.97	3
-3.18	12.24	3
0.12	0.43	3
2.95	-8.65	3
-6.72	18.72	3
3.97	-13.79	3
-1.45	2.54	3
-0.51	0.02	3
3.33	-13.93	3
2.20	-6.27	3
-1.21	4.60	3
1.62	-2.82	3
-3.21	10.58	3
-1.70	10.01	3
-0.40	3.74	3
-3.23	7.84	3
0.02	-6.26	3
-5.17	18.76	3
0.57	1.64	3
3.72	-14.26	3
-5.78	14.12	3
-0.21	3.05	3
-1.98	-0.13	3
-0.51	6.74	3
4.81	-8.03	3
3.27	-13.78	3
2.41	-2.43	3
-0.29	0.66	3
0.38	0.95	3
-2.32	9.81	3
-2.23	14.14	3
2.35	-8.68	3
-2.23	12.79	3
5.15	-12.48	3
0.83	-0.24	3
1.91	-10.16	3
-1.27	4.93	3
2.32	-12.31	3
3.02	-8.79	3
-1.13	6.94	3
0.13	-6.09	3
3.59	-14.06	3
-0.66	1.56	3
-3.23	10.49	3
-2.29	2.30	3
-0.79	2.20	3
-2.39	4.74	3
2.85	-7.08	3
-3.31	13.64	3
0.58	4.79	3
-1.35	2.76	3
-0.74	0.78	3
1.40	-6.86	3
-5.66	24.40	3
0.64	2.01	3
-1.96	5.16	3
1.62	-5.10	3
1.87	-4.53	3
-0.51	2.85	3
2.04	-8.67	3
-0.43	-0.56	3
-1.49	-3.90	3
-2.36	4.01	3
6.11	-21.74	3
1.27	-11.34	3
1.66	-4.92	3
-0.23	-2.53	3
-4.32	9.55	3
0.14	0.78	3
-1.78	8.09	3
-2.33	4.14	3
-0.48	0.51	3
-1.46	0.96	3
0.34	-0.61	3
-4.47	9.15	3
-2.67	8.49	3
-2.29	9.40	3
-3.49	13.31	3
-3.83	11.61	3
-0.50	2.64	3
0.23	-1.29	3
1.38	-5.54	3
-2.70	14.92	3
2.10	-1.76	3
1.62	-4.68	3
2.78	-10.79	3
-3.33	6.13	3
0.26	-1.66	3
-1.79	7.51	3
1.34	-4.64	3
2.57	-4.40	3
0.19	3.86	3
1.28	3.96	3
3.18	-11.70	3
-2.22	8.85	3
1.26	-7.14	3
-3.01	0.40	3
2.40	-9.25	3
-5.58	13.89	3
3.63	-7.59	3
7.39	-24.85	3
5.11	-16.40	3
2.64	-13.50	3
0.97	4.23	3
0.98	3.50	3
-2.77	7.30	3
-5.97	16.24	3
3.46	-9.91	3
-4.65	17.35	3
2.10	-11.22	3
0.53	-0.88	3
1.53	0.07	3
-1.24	5.64	3
3.02	-6.17	3
-1.01	7.47	3
1.81	-11.20	3
-1.58	3.30	3
1.20	-5.11	3
0.65	2.64	3
-5.53	19.41	3
0.57	-5.00	3
-1.01	-0.85	3
1.05	-7.00	3
2.33	-7.16	3
1.78	-7.31	3
-0.77	-2.59	3
0.77	1.42	3
-5.41	17.29	3
1.78	-9.74	3
-3.81	11.04	3
-1.79	4.67	3
-2.40	14.22	3
0.18	-1.06	3
3.77	-11.58	3
-2.29	11.37	3
4.45	-15.32	3
1.99	-5.18	3
-0.77	2.15	3
-3.71	15.51	3
-4.26	20.80	3
-2.42	1.51	3
-0.52	2.62	3
-0.42	4.39	3
0.34	-2.77	3
-6.05	22.74	3
3.23	-10.77	3
0.66	-3.87	3
-2.01	7.26	3
-1.39	-0.63	3
3.33	-10.18	3
1.42	-2.82	3
7.47	-22.03	3
-0.95	-1.35	3
-2.33	15.10	3
0.47	-0.49	3
5.72	-23.35	3
0.89	-5.53	3
2.07	-14.18	3
-0.66	2.71	3
3.13	-8.06	3
0.08	6.66	3
-0.95	4.07	3
3.41	-6.91	3
3.48	-9.45	3
-0.02	-0.16	3
-1.42	7.09	3
2.44	-6.77	3
0.68	-4.86	3
-0.84	1.34	3
4.87	-11.70	3
0.54	-1.90	3
-6.18	23.95	3
1.51	-1.74	3
5.63	-17.65	3
1.17	-5.56	3
0.80	1.57	3
-2.40	14.23	3
-6.35	22.18	3
0.92	-6.65	3
1.20	-3.14	3
1.91	-6.04	3
-1.42	5.09	3
-2.79	11.01	3
-0.96	4.60	3
5.41	-15.70	3
2.16	-4.13	3
-0.27	-0.44	3
-4.78	16.99	3
1.86	-5.72	3
1.49	-4.39	3
0.03	3.20	3
-1.39	-0.38	3
-0.54	-0.71	3
-2.68	8.52	3
-1.36	3.08	3
1.83	-5.40	3
-0.40	7.89	3
0.89	-0.11	3
-2.96	11.10	3
-0.77	3.86	3
1.27	-3.71	3
-2.55	3.33	3
-1.41	12.79	3
-0.55	-0.44	3
-2.86	7.01	3
1.95	-9.05	3
-2.74	9.31	3
-1.34	8.86	3
-0.57	6.46	3
-0.24	0.45	3
-6.62	22.86	3
1.09	-3.97	3
3.21	-15.58	3
1.34	-10.62	3
0.46	3.16	3
1.43	-1.05	3
-0.37	5.91	3
-2.21	7.85	3
-0.40	1.09	3
-1.44	0.96	3
1.27	-3.10	3
-0.80	7.48	3
-3.61	8.79	3
0.36	-1.67	3
-2.39	9.62	3
2.94	-8.27	3
1.80	-1.06	3
-3.59	13.11	3
-2.11	8.16	3
2.07	-10.17	3
-0.18	1.06	3
-2.22	6.85	3
-1.40	4.29	3
-1.06	3.78	3
-1.27	6.82	3
2.45	-8.03	3
4.59	-12.83	3
-1.00	15.31	3
-1.48	6.42	3
0.80	0.12	3
-0.89	7.46	3
-1.28	6.46	3
0.09	-4.75	3
4.55	-19.80	3
0.89	-5.14	3
0.44	-0.41	3
4.12	-9.87	3
-0.26	-3.47	3
1.61	-12.92	3
-1.28	8.63	3
-1.01	7.79	3
-0.08	-0.95	3
-3.68	13.53	3
1.79	-5.73	3
4.47	-20.70	3
2.10	-6.31	3
3.49	-13.15	3
2.20	-5.60	3
-0.98	2.59	3
-5.05	18.72	3
-2.93	6.56	3
-3.38	2.95	3
-3.11	7.40	3
-0.30	-2.15	3
2.74	-13.93	3
1.93	-4.81	3
-2.10	11.08	3
-6.58	22.95	3
0.24	1.87	3
2.23	-1.60	3
-2.97	8.89	3
0.62	1.79	3
-2.25	6.60	3
1.64	-8.44	3
3.50	-10.82	3
1.60	-4.83	3
-0.07	4.17	3
3.14	-8.46	3
-4.07	16.48	3
-1.03	4.90	3
2.09	-7.76	3
2.59	-8.40	3
5.51	-20.49	3
-3.79	14.09	3
0.10	-1.01	3
-0.30	-0.32	3
-0.93	3.71	3
-2.61	8.83	3
1.82	-7.82	3
4.01	-12.46	3
-0.18	2.67	3
-4.78	18.40	3
-3.34	4.95	3
-0.41	8.70	3
-3.81	9.85	3
-3.76	17.19	3
2.08	-3.08	3
2.55	-2.94	3
-2.32	4.76	3
4.33	-16.83	3
-2.68	12.22	3
-3.09	8.24	3
1.97	-4.70	3
-0.21	-0.03	3
-2.18	10.67	3
1.73	-2.82	3
1.57	-0.38	3
-4.69	8.01	3
-0.99	0.21	3
1.94	0.77	3
1.17	-7.56	3
2.69	-13.37	3
3.75	-9.94	3
-2.88	8.80	3
-3.57	10.66	3
-0.94	1.37	3
-0.40	5.88	3
0.98	-2.50	3
-4.70	15.52	3
-1.36	-0.42	3
2.62	-1.12	3
-0.17	1.29	3
-1.85	6.56	3
-6.03	19.48	3
2.98	-13.54	3
-1.30	-1.67	3
-2.18	7.56	3
-3.92	20.21	3
-2.14	10.28	3
2.07	-3.52	3
-0.33	-3.01	3
0.60	7.39	3
-1.92	11.47	3
1.45	-4.08	3
1.43	-5.16	3
-3.89	10.32	3
4.88	-19.78	3
3.77	-13.59	3
-5.87	19.85	3
3.63	-15.82	3
0.21	-6.23	3
-4.93	20.23	3
-2.70	11.57	3
4.99	-14.58	3
-0.16	-8.58	3
-3.64	12.38	3
1.41	-6.11	3
-3.23	6.31	3
0.93	-4.60	3
-4.79	20.79	3
-1.16	-5.67	3
0.31	-1.98	3
0.53	-4.04	3
2.60	-4.10	3
0.64	-3.64	3
-0.74	-2.81	3
-1.19	4.01	3
1.91	-3.52	3
-0.82	1.41	3
-1.75	9.60	3
-1.21	2.75	3
-1.03	-2.31	3
-1.61	5.25	3
0.59	1.76	3
1.14	-5.69	3
-0.25	0.19	3
3.86	-17.74	3
3.46	-10.94	3
-1.47	7.18	3
-5.25	12.85	3
-0.67	-6.23	3
-0.43	-0.31	3
-0.76	-1.04	3
-2.84	11.39	3
1.98	-9.91	3
1.27	-0.18	3
-1.12	-1.20	3
2.04	-11.66	3
-1.06	10.00	3
-2.15	6.56	3
2.43	1.61	3
-1.07	9.39	3
0.61	2.33	3
-3.84	16.54	3
0.30	0.24	3
2.50	-10.58	3
-2.51	-0.45	3
-0.83	-0.85	3
1.91	-0.82	3
-0.32	3.01	3
0.65	-2.07	3
2.25	-11.33	3
-3.64	10.22	3
-1.09	8.30	3
0.61	-5.55	3
-2.47	2.14	3
1.22	-2.63	3
-2.00	0.99	3
4.49	-16.50	3
1.69	-6.07	3
-1.96	4.60	3
-3.06	9.10	3
-1.30	9.92	3
-8.51	26.67	3
3.39	-7.74	3
-0.84	3.77	3
-1.51	10.18	3
2.18	-2.24	3
0.66	-4.66	3
-0.87	5.51	3
-2.01	1.65	3
-2.04	3.70	3
6.27	-16.49	3
2.84	-10.10	3
1.44	-4.73	3
0.15	4.70	3
1.71	1.14	3
0.35	0.14	3
-0.23	2.12	3
3.83	-10.56	3
3.06	-9.31	3
4.08	-13.30	3
-0.97	4.17	3
-3.18	7.73	3
-0.39	5.16	3
1.34	-1.94	3
-2.47	8.43	3
-0.63	7.50	3
0.55	1.14	3
-1.41	7.82	3
-0.74	5.77	3
1.12	-1.56	3
1.11	3.12	3
-1.01	-1.86	3
-4.90	11.87	3
-1.89	2.09	3
-3.48	13.22	3
-0.38	-0.04	3
0.57	-2.81	3
2.02	-12.58	3
-4.82	21.01	3
2.78	-13.53	3
1.43	1.12	3
-0.67	5.03	3
0.03	-2.76	3
-3.36	5.01	3
-0.45	1.59	3
0.19	3.28	3
0.47	1.06	3
0.14	0.61	3
-0.40	1.48	3
-3.47	9.88	3
-1.68	0.97	3
0.19	-0.59	3
-7.28	18.34	3
-2.62	10.12	3
0.66	-0.27	3
-6.12	16.12	3
0.81	-4.33	3
1.27	-4.43	3
-2.91	7.47	3
0.12	1.45	3
-1.22	8.35	3
-2.12	2.69	3
-4.61	19.71	3
-1.81	4.52	3
1.25	-9.05	3
1.34	-1.90	3
1.55	-4.29	3
-0.45	1.47	3
0.95	-4.92	3
-1.12	7.70	3
2.65	-8.54	3
-2.18	12.42	3
-4.80	14.02	3
-2.47	5.07	3
-0.38	5.57	3
0.73	-3.48	3
2.06	-3.91	3
0.17	-3.80	3
4.38	-11.49	3
0.81	-2.90	3
0.00	-0.78	3
2.42	-12.03	3
-0.11	-2.59	3
4.36	-16.45	3
1.51	-3.16	3
-3.02	5.79	3
5.23	-23.26	3
3.20	-14.18	3
2.09	-10.93	3
0.81	1.60	3
-3.25	10.02	3
1.94	-4.92	3
-1.46	0.32	3
4.05	-14.37	3
3.52	-10.15	3
-1.30	8.29	3
-2.03	11.16	3
-0.90	4.44	3
0.12	0.89	3
2.67	-12.38	3
2.32	-3.38	3
1.69	-11.81	3
1.94	-6.67	3
3.32	-5.08	3
-2.72	10.34	3
-0.07	1.63	3
-2.22	8.64	3
0.71	-7.00	3
0.14	3.05	3
0.92	-1.64	3
0.24	-1.78	3
4.04	-12.23	3
4.43	-11.11	3
-1.54	7.38	3
0.08	-1.70	3
-1.10	1.09	3
2.04	-4.28	3
-7.36	25.12	3
1.35	-3.72	3
-2.24	8.59	3
0.59	-3.91	3
0.06	0.40	3
-3.14	7.06	3
2.53	-7.49	3
1.15	-7.20	3
0.17	4.50	3
0.27	5.20	3
0.41	-7.09	3
2.67	-14.50	3
0.31	-6.48	3
-5.34	17.59	3
-2.67	12.05	3
6.20	-24.95	3
-1.96	8.10	3
-0.23	2.37	3
0.77	-5.12	3
0.45	6.18	3
-0.40	-0.42	3
-0.97	2.12	3
-1.34	3.54	3
1.50	-3.46	3
-0.05	1.67	3
3.03	-10.14	3
1.04	0.69	3
0.20	-3.39	3
5.58	-19.57	3
1.03	-12.60	3
-2.55	12.19	3
3.41	-10.92	3
-1.52	3.76	3
0.25	-4.77	3
-4.40	20.48	3
-1.79	7.05	3
0.97	-0.96	3
-1.67	9.80	3
3.64	-10.40	3
2.25	-7.99	3
1.23	-2.02	3
2.44	-12.47	3
0.82	-2.49	3
0.14	2.12	3
-0.94	0.99	3
2.12	-6.05	3
0.08	-0.82	3
-0.92	3.26	3
-2.90	21.03	3
2.37	0.15	3
1.85	-7.95	3
-2.49	8.39	3
-2.89	11.80	3
2.86	-4.61	3
-2.16	1.59	3
6.70	-23.01	3
0.51	-0.98	3
0.37	-6.59	3
3.83	-13.19	3
-1.42	1.24	3
0.89	4.81	3
-6.96	20.97	3
0.70	-5.18	3
-3.18	12.24	3
0.93	0.49	3
-3.95	11.68	3
1.54	-3.14	3
4.45	-11.00	3
-3.92	14.13	3
1.82	-10.66	3
2.30	-9.82	3
1.87	-0.31	3
2.50	-6.83	3
2.97	-10.35	3
1.72	-4.76	3
-2.89	9.42	3
-0.68	3.01	3
1.20	-1.28	3
-2.30	10.50	3
-3.78	14.34	3
0.75	-3.66	3
-2.49	9.11	3
-3.96	12.08	3
1.38	-3.65	3
0.23	0.70	3
-1.96	3.86	3
-6.63	21.16	3
-1.72	5.20	3
-0.42	1.80	3
-0.97	3.26	3
-0.56	0.73	3
-3.42	2.87	3
9.45	-31.05	3
-5.24	16.51	3
2.18	-9.93	3
1.57	-6.27	3
2.38	-13.18	3
0.72	-1.10	3
1.56	-4.05	3
-1.06	4.73	3
0.27	-6.35	3
2.91	-6.44	3
0.40	-5.97	3
-4.94	14.10	3
-3.05	15.68	3
5.15	-16.97	3
-0.09	-0.85	3
-4.61	14.04	3
3.06	-11.97	3
-5.21	21.73	3
1.03	-2.90	3
-4.89	14.60	3
-0.37	-5.66	3
0.52	0.05	3
-1.22	4.97	3
2.50	-11.13	3
0.83	0.49	3
-6.45	22.04	3
-3.11	6.24	3
1.07	-3.01	3
5.74	-23.88	3
2.93	-10.34	3
2.10	-8.71	3
-1.71	-1.99	3
-3.08	8.31	3
-1.41	12.16	3
1.17	-0.49	3
-0.30	6.11	3
3.44	-8.71	3
2.29	-7.85	3
-2.21	10.28	3
-2.25	6.97	3
0.06	1.84	3
2.99	-9.04	3
0.77	0.80	3
2.58	-9.62	3
-1.37	10.00	3
-3.48	10.61	3
1.31	-3.14	3
-4.30	10.68	3
0.40	-7.14	3
-0.64	2.58	3
-2.06	6.58	3
0.82	-5.27	3
-0.69	-1.00	3
-0.86	7.12	3
-0.06	0.44	3
-3.69	16.17	3
2.30	-12.18	3
-0.35	-0.22	3
-4.02	16.04	3
-6.08	20.60	3
-1.45	6.79	3
2.62	-8.07	3
-0.46	-0.62	3
3.60	-7.79	3
-1.02	0.85	3
-0.60	2.82	3
2.73	-8.69	3
1.53	-6.84	3
2.39	-9.35	3
-1.91	-1.08	3
1.72	-8.56	3
2.22	-11.54	3
-1.95	4.96	3
5.55	-17.33	3
-1.76	8.71	3
4.93	-18.16	3
-1.72	9.84	3
-2.59	4.89	3
-2.19	3.42	3
4.49	-13.63	3
-2.16	5.63	3
1.06	-5.00	3
-1.73	5.34	3
0.52	6.09	3
-2.00	3.32	3
-6.21	19.55	3
-3.83	8.59	3
2.88	-11.49	3
-1.78	8.42	3
-4.49	7.50	3
1.33	-1.76	3
1.10	-1.95	3
-3.27	14.85	3
-2.33	11.65	3
1.80	-6.47	3
-5.95	15.80	3
2.19	-5.21	3
-3.93	8.77	3
-1.60	3.93	3
0.31	-5.30	3
-0.71	3.42	3
2.17	-4.88	3
-3.00	5.34	3
-1.67	7.71	3
0.50	-3.53	3
4.45	-10.32	3
-3.11	6.18	3
5.99	-13.68	3
3.39	-16.10	3
-0.98	2.03	3
-3.58	8.60	3
1.76	-0.83	3
-0.87	2.80	3
4.67	-10.81	3
-2.41	8.16	3
-0.41	-2.25	3
0.50	-6.11	3
0.07	2.66	3
-0.63	-1.73	3
3.20	-15.06	3
-3.56	11.59	3
1.90	-1.99	3
0.32	-2.73	3
2.13	-5.79	3
-0.33	4.13	3
-4.36	14.50	3
-0.78	2.92	3
1.40	0.44	3
-0.37	4.80	3
-1.98	11.13	3
1.03	-5.39	3
-1.97	6.74	3
-0.03	1.79	3
3.92	-12.33	3
1.18	-0.54	3
-4.70	12.36	3
-1.58	7.68	3
-3.15	8.94	3
-0.11	-1.27	3
1.05	-1.37	3
