X1	X2	G
0.31	-0.46	1
0.78	4.47	1
-0.21	-0.54	1
0.19	1.65	1
-0.24	0.24	1
1.30	7.59	1
1.45	6.54	1
0.45	2.09	1
1.05	4.52	1
0.35	4.05	1
0.12	0.94	1
0.70	4.79	1
1.55	7.30	1
-0.54	-3.22	1
0.44	1.67	1
-0.86	-4.03	1
-0.58	-3.03	1
-0.55	-3.59	1
1.80	9.07	1
-0.73	-4.61	1
0.76	3.33	1
-1.05	-5.14	1
-1.64	-8.41	1
0.88	4.88	1
-1.78	-9.34	1
-0.21	-1.25	1
-0.04	-1.27	1
0.85	5.22	1
-0.27	-2.20	1
0.78	3.00	1
0.00	1.49	1
-0.98	-6.84	1
0.04	0.41	1
1.74	8.24	1
-1.37	-6.97	1
-0.57	-1.02	1
-0.61	-2.17	1
1.16	4.29	1
0.50	1.97	1
-0.21	-0.52	1
0.44	1.52	1
-0.45	0.09	1
-1.23	-5.03	1
-0.50	-1.92	1
-2.52	-12.14	1
-2.18	-10.91	1
0.45	2.77	1
1.58	8.74	1
0.37	1.45	1
-0.94	-3.66	1
0.33	2.61	1
-0.33	-1.99	1
0.56	3.22	1
-0.48	-0.29	1
0.87	3.70	1
1.61	7.42	1
2.31	10.27	1
-0.93	-5.39	1
0.06	-0.24	1
0.60	2.54	1
-1.16	-7.08	1
2.61	13.80	1
-0.46	-3.21	1
0.19	0.34	1
0.67	6.48	1
2.18	11.15	1
-1.12	-6.97	1
1.19	7.29	1
1.03	4.89	1
0.33	3.14	1
1.16	5.69	1
-1.13	-6.87	1
1.25	3.76	1
0.52	4.23	1
0.38	2.32	1
-0.82	-3.82	1
1.50	7.54	1
0.95	4.32	1
-2.35	-10.57	1
0.10	2.40	1
-0.21	-0.44	1
-0.24	-0.69	1
1.16	4.21	1
2.11	11.07	1
1.33	6.65	1
0.21	-0.11	1
0.25	1.42	1
-1.02	-4.52	1
-0.30	-2.18	1
-0.02	-0.01	1
-1.02	-7.31	1
1.69	7.33	1
0.46	1.01	1
1.48	7.87	1
-1.72	-8.12	1
-0.38	-1.28	1
-0.88	-4.84	1
-0.29	-1.35	1
0.74	4.33	1
-0.53	-2.51	1
1.66	8.12	1
1.09	5.83	1
0.29	3.07	1
-0.65	-3.62	1
1.11	6.05	1
0.63	4.83	1
0.35	0.93	1
-0.19	-0.25	1
-0.28	-2.26	1
0.55	2.98	1
0.40	2.23	1
3.32	16.95	1
-0.66	-3.02	1
-0.51	-3.94	1
-0.70	-4.59	1
-0.54	-3.31	1
-0.61	-1.33	1
0.52	1.07	1
1.13	6.09	1
0.42	0.80	1
-0.24	-0.70	1
-1.06	-4.25	1
-0.11	-0.77	1
-2.71	-11.50	1
0.76	1.11	1
-0.81	-3.78	1
-1.78	-7.65	1
-1.13	-5.01	1
-0.28	-1.23	1
-0.65	-3.61	1
0.37	0.85	1
0.45	2.28	1
-0.04	-1.24	1
-0.21	-0.19	1
1.97	8.61	1
0.04	-1.00	1
1.07	5.89	1
-0.11	-1.67	1
-1.05	-4.68	1
-1.45	-5.64	1
-0.08	-1.05	1
0.82	3.51	1
0.15	2.16	1
-0.71	-3.59	1
0.03	1.52	1
0.23	-0.70	1
1.06	8.07	1
0.67	3.63	1
-0.76	-3.00	1
0.83	3.57	1
-1.52	-8.50	1
0.95	4.88	1
0.14	1.62	1
-0.54	-3.02	1
0.90	4.59	1
-0.43	-2.75	1
1.19	5.42	1
-1.40	-7.52	1
-0.45	-1.34	1
0.00	0.39	1
-0.68	-4.48	1
-1.24	-8.20	1
-2.30	-10.80	1
1.12	5.92	1
-2.60	-14.18	1
-1.32	-6.26	1
1.33	6.17	1
0.80	2.61	1
1.29	6.59	1
-0.58	-0.69	1
-2.60	-13.56	1
-0.96	-5.58	1
0.59	3.55	1
-0.21	-1.23	1
0.13	0.17	1
0.22	1.17	1
0.42	0.36	1
0.81	2.46	1
-1.30	-6.28	1
-0.89	-4.51	1
0.03	-0.14	1
-0.92	-5.02	1
-1.84	-8.72	1
1.60	7.73	1
-0.26	0.39	1
0.45	1.17	1
-0.51	-4.42	1
-1.02	-4.27	1
0.81	4.12	1
0.41	2.01	1
2.21	12.06	1
-0.50	-1.88	1
0.00	0.96	1
-0.11	-0.66	1
0.91	5.42	1
-1.56	-9.46	1
-0.43	-1.16	1
0.68	1.50	1
0.22	1.26	1
-1.04	-6.48	1
0.67	3.34	1
1.56	7.07	1
0.10	2.44	1
-0.36	-3.04	1
-0.07	0.73	1
-0.37	-2.36	1
1.26	6.23	1
-0.31	-3.48	1
0.28	2.99	1
-0.11	2.28	1
1.27	5.38	1
1.23	6.15	1
-1.01	-4.30	1
-0.82	-3.11	1
0.64	1.82	1
-0.93	-4.34	1
0.36	1.62	1
2.23	9.54	1
1.40	5.92	1
0.09	1.73	1
-1.40	-8.48	1
-1.56	-7.10	1
0.47	1.45	1
-0.25	-1.17	1
-0.31	1.67	1
0.07	-0.46	1
-0.28	-0.92	1
0.65	2.75	1
1.67	9.04	1
-1.13	-6.19	1
-0.61	-4.80	1
-0.02	1.07	1
1.48	7.03	1
-1.20	-3.53	1
-0.24	-0.55	1
-0.17	-1.81	1
0.09	2.48	1
-1.88	-8.86	1
-0.19	-1.36	1
-0.18	-1.04	1
0.77	4.47	1
1.01	6.25	1
-0.64	-2.45	1
0.73	5.01	1
-1.56	-8.60	1
-0.91	-3.58	1
-0.89	-4.62	1
-2.08	-11.79	1
0.69	2.91	1
-0.38	-0.11	1
0.41	0.88	1
-0.83	-4.18	1
-1.04	-5.52	1
1.26	6.25	1
-0.30	-1.77	1
-0.21	-2.61	1
-1.22	-5.21	1
0.05	-1.42	1
-0.29	-3.11	1
0.76	4.90	1
-0.05	-0.18	1
-0.31	-1.72	1
0.36	2.81	1
-2.17	-11.79	1
-2.50	-12.99	1
-2.06	-11.38	1
0.32	2.50	1
0.25	-0.11	1
-0.08	-0.77	1
-0.64	-4.81	1
-1.70	-8.84	1
-0.44	-2.26	1
0.36	1.27	1
-0.72	-4.11	1
-0.33	0.05	1
0.71	3.75	1
-0.94	-4.87	1
0.24	-0.39	1
0.80	5.62	1
1.69	8.72	1
-0.20	0.56	1
0.65	3.10	1
0.57	2.81	1
-0.70	-2.47	1
0.23	0.52	1
0.90	3.99	1
-1.67	-8.18	1
0.84	5.54	1
-1.75	-8.49	1
0.32	0.43	1
-0.84	-3.41	1
-0.36	-2.63	1
0.48	4.09	1
-0.96	-4.62	1
-0.87	-5.06	1
-0.33	-1.87	1
-0.44	-2.20	1
0.58	4.63	1
0.21	0.70	1
-0.70	-3.39	1
0.87	4.24	1
1.12	7.73	1
2.20	11.40	1
0.80	3.63	1
0.18	0.64	1
-0.81	-6.39	1
-1.48	-7.15	1
-1.09	-4.67	1
0.32	0.68	1
1.69	7.72	1
-0.57	-2.38	1
1.17	6.04	1
-1.40	-6.90	1
-0.72	-2.62	1
0.26	2.54	1
-1.75	-10.45	1
-0.12	-0.27	1
1.12	5.73	1
0.88	4.01	1
-0.25	-2.27	1
-1.52	-6.50	1
-0.35	-1.95	1
-0.03	-1.21	1
-0.27	-2.08	1
0.52	2.20	1
1.73	9.36	1
-0.31	-0.95	1
-0.85	-2.88	1
-1.73	-8.37	1
0.61	3.48	1
1.40	6.89	1
-0.82	-2.66	1
-0.34	-4.30	1
-1.16	-4.73	1
-0.11	0.05	1
-0.49	-3.15	1
0.32	1.35	1
-0.09	1.62	1
-0.08	-1.27	1
-0.55	-2.18	1
-0.18	-0.30	1
0.06	-0.07	1
-0.31	-0.22	1
0.99	6.18	1
2.64	14.98	1
0.22	0.76	1
-0.32	-2.29	1
-0.24	-0.87	1
0.01	1.80	1
-1.42	-7.73	1
-0.94	-5.88	1
-0.13	0.13	1
0.05	1.18	1
-1.51	-6.52	1
-0.82	-5.04	1
-0.78	-2.70	1
1.06	5.72	1
0.61	0.79	1
0.06	0.15	1
1.36	6.03	1
0.12	-0.19	1
-1.37	-6.43	1
-0.69	-1.67	1
0.39	1.39	1
-0.09	-0.70	1
-1.37	-8.13	1
-1.20	-6.73	1
-0.98	-4.94	1
-0.78	-3.93	1
-1.46	-6.89	1
-0.09	-0.65	1
1.28	6.99	1
0.03	-0.11	1
-0.52	-3.06	1
2.30	12.30	1
-1.18	-7.37	1
0.43	3.54	1
0.20	1.84	1
-0.61	-1.85	1
-0.35	-1.47	1
0.54	2.28	1
-2.04	-10.99	1
0.56	1.71	1
1.12	5.42	1
-1.12	-6.33	1
-1.00	-5.22	1
-1.91	-8.80	1
1.93	9.81	1
1.13	6.18	1
0.68	4.86	1
0.78	3.32	1
-0.55	-2.03	1
-0.45	-2.26	1
1.17	6.14	1
-1.11	-7.20	1
-0.26	-2.39	1
1.71	8.67	1
-1.13	-5.92	1
0.15	-0.57	1
1.85	8.46	1
-0.01	1.68	1
-1.55	-7.13	1
0.92	2.88	1
0.43	0.78	1
0.08	0.46	1
0.95	3.43	1
-0.14	-1.21	1
0.53	4.14	1
0.74	2.18	1
0.42	3.07	1
0.86	4.03	1
-0.53	-1.46	1
-0.95	-3.96	1
-1.10	-5.96	1
-0.06	-0.96	1
2.01	10.81	1
0.94	4.15	1
-0.25	0.27	1
-1.19	-5.16	1
1.14	5.70	1
-1.18	-6.00	1
0.99	4.71	1
-1.04	-3.97	1
-0.46	-4.77	1
-1.21	-7.01	1
0.38	3.48	1
-2.55	-12.61	1
0.74	4.23	1
0.26	1.47	1
0.39	1.99	1
-0.68	-2.92	1
-1.95	-9.53	1
0.84	4.11	1
0.40	1.84	1
1.26	6.63	1
1.10	6.41	1
0.23	1.57	1
0.28	1.80	1
-1.15	-4.40	1
-0.61	-3.86	1
-0.34	-1.36	1
2.25	12.46	1
0.11	0.80	1
-1.09	-3.52	1
-0.74	-3.96	1
-1.34	-7.49	1
-0.94	-5.46	1
-0.56	-3.95	1
-0.90	-2.66	1
-0.59	-1.87	1
-1.22	-5.24	1
0.28	0.15	1
0.22	1.70	1
1.09	4.28	1
1.84	7.51	1
2.01	10.65	1
1.25	4.77	1
1.77	7.46	1
0.31	0.52	1
0.51	4.09	1
1.13	6.58	1
-0.32	-2.50	1
-0.53	-2.34	1
-0.36	-1.15	1
0.54	2.36	1
1.25	6.19	1
0.76	3.48	1
1.84	10.58	1
2.04	8.36	1
-0.78	-4.23	1
0.12	0.60	1
1.34	5.87	1
-0.56	-1.84	1
-0.13	0.04	1
-0.75	-3.03	1
1.23	6.42	1
-0.07	-1.43	1
2.00	10.05	1
0.36	1.53	1
0.61	4.11	1
0.19	3.34	1
1.07	6.34	1
1.39	7.12	1
0.09	1.40	1
-0.29	-0.15	1
0.69	5.16	1
-0.19	-0.33	1
-1.85	-10.25	1
-1.37	-8.43	1
-0.51	-4.03	1
-1.60	-8.80	1
-0.44	-3.70	1
-0.21	-0.94	1
-1.17	-7.02	1
-2.07	-12.08	1
0.33	2.02	1
-1.84	-7.69	1
-1.31	-5.72	1
0.41	3.17	1
0.32	1.49	1
0.41	2.06	1
1.17	4.95	1
0.70	1.74	1
-1.23	-5.99	1
-0.24	-2.34	1
-0.27	-2.34	1
-0.70	-2.68	1
-2.35	-14.46	1
-0.72	-3.01	1
0.60	1.49	1
0.04	-0.70	1
-1.24	-5.19	1
1.06	5.72	1
-0.39	-1.77	1
0.74	2.41	1
-1.25	-6.44	1
1.13	5.30	1
0.55	2.07	1
0.52	2.23	1
0.91	2.90	1
1.07	4.38	1
-0.19	-0.10	1
1.40	4.55	1
0.74	4.17	1
0.35	0.34	1
-0.30	-1.11	1
-1.22	-6.84	1
-0.50	-1.25	1
0.71	1.63	1
0.46	2.22	1
-0.64	-3.48	1
1.34	5.44	1
-0.65	-2.69	1
-0.04	-0.80	1
-0.91	-4.21	1
0.59	3.12	1
-0.71	-2.91	1
-0.86	-3.40	1
1.02	4.60	1
-0.23	-1.62	1
0.51	3.02	1
-1.19	-6.82	1
-0.29	-1.79	1
-0.57	-4.98	1
0.46	2.10	1
1.12	5.41	1
-0.48	-1.08	1
-0.22	0.89	1
-0.45	-2.81	1
1.46	6.01	1
1.43	7.10	1
-2.18	-12.46	1
-1.72	-6.93	1
-1.10	-4.46	1
-1.18	-6.53	1
0.45	2.96	1
0.21	1.27	1
0.69	3.14	1
0.56	2.25	1
-0.61	-1.79	1
-0.67	-3.41	1
1.10	6.08	1
-0.25	-0.39	1
0.59	4.22	1
1.14	6.86	1
-0.99	-5.19	1
-1.96	-11.46	1
-0.59	-5.40	1
-0.18	-0.86	1
-0.21	0.03	1
-0.44	-1.83	1
0.34	0.47	1
0.41	1.36	1
-0.93	-2.48	1
0.46	4.58	1
-1.68	-9.04	1
0.64	4.60	1
0.04	1.05	1
-0.10	0.26	1
-0.29	-1.32	1
0.16	-1.23	1
0.60	2.89	1
-0.48	-1.58	1
0.63	1.98	1
-0.65	-4.83	1
0.64	4.47	1
-0.68	-2.39	1
-0.03	-0.63	1
-0.15	0.73	1
-0.28	-0.90	1
-0.53	-2.81	1
0.31	2.02	1
0.28	1.93	1
-0.90	-4.44	1
-0.53	-3.20	1
0.10	1.19	1
-0.64	-0.90	1
0.59	4.34	1
-0.57	-4.09	1
0.62	4.86	1
-0.48	-3.12	1
-0.55	-2.18	1
0.90	3.55	1
0.20	0.32	1
-1.21	-5.79	1
-0.32	-0.69	1
-0.93	-4.71	1
0.38	1.52	1
-2.13	-9.47	1
1.96	10.36	1
0.28	1.23	1
0.04	-1.82	1
-2.64	-12.56	1
0.40	0.83	1
0.35	1.02	1
-1.47	-6.02	1
-1.33	-7.40	1
0.02	-0.54	1
0.95	5.83	1
0.42	2.68	1
-0.36	-3.58	1
0.74	1.80	1
1.94	8.79	1
0.29	0.26	1
0.92	4.11	1
-1.25	-6.91	1
0.16	0.13	1
0.44	3.84	1
-0.71	-3.00	1
-0.50	-2.87	1
1.00	6.21	1
-1.83	-9.72	1
0.46	3.17	1
-1.39	-7.81	1
-0.10	-0.92	1
-0.40	-2.21	1
-1.31	-6.30	1
-0.58	-3.23	1
-0.87	-4.91	1
-1.29	-5.99	1
-0.31	-1.08	1
0.00	-1.46	1
0.14	0.22	1
0.98	5.29	1
0.80	5.01	1
-0.81	-4.00	1
-2.73	-13.77	1
0.16	0.16	1
-1.09	-6.36	1
0.87	3.84	1
0.10	-0.83	1
0.45	2.80	1
-0.77	-4.48	1
-0.52	-2.63	1
2.18	9.44	1
-0.18	0.70	1
-1.07	-4.20	1
0.44	3.09	1
-0.16	0.14	1
-0.24	-1.04	1
0.77	3.16	1
-0.97	-7.12	1
0.56	1.82	1
0.01	-1.63	1
-0.54	-2.78	1
-0.41	-0.60	1
-0.44	-3.45	1
1.17	5.93	1
-0.77	-4.80	1
1.39	6.85	1
-0.23	-1.28	1
0.41	2.82	1
0.03	-0.61	1
-0.57	-1.97	1
-0.06	1.63	1
0.79	5.38	1
-0.74	-4.68	1
-0.27	-0.88	1
-1.15	-7.11	1
2.04	9.66	1
-0.16	0.58	1
-0.03	-1.23	1
0.39	3.34	1
-0.56	-1.53	1
-0.32	-0.66	1
1.03	4.90	1
0.84	4.17	1
-2.11	-11.25	1
-0.55	-2.66	1
-0.09	0.52	1
-0.33	-1.50	1
0.34	0.92	1
1.29	7.35	1
-0.90	-5.72	1
0.77	4.74	1
0.10	1.88	1
-0.34	-0.45	1
0.47	1.71	1
0.24	1.32	1
0.03	-0.53	1
0.80	5.63	1
1.69	9.73	1
1.14	5.30	1
-0.47	-3.67	1
0.36	2.44	1
-1.17	-6.80	1
-0.69	-3.89	1
-0.03	0.16	1
-0.83	-5.06	1
-0.87	-3.58	1
0.49	3.24	1
-0.12	1.06	1
0.61	1.78	1
0.45	1.50	1
0.66	2.83	1
-0.48	-3.92	1
0.93	4.88	1
1.91	9.72	1
-0.16	1.58	1
1.43	4.19	1
1.34	4.79	1
-1.16	-6.12	1
-0.51	-0.45	1
0.31	1.26	1
-0.04	-1.45	1
2.42	12.29	1
-1.18	-5.47	1
0.52	3.12	1
-1.18	-4.39	1
-0.48	-2.13	1
-0.44	-2.62	1
0.67	2.76	1
0.13	-0.33	1
-0.29	-4.71	1
-1.25	-4.63	1
-0.05	-1.79	1
1.17	5.48	1
0.74	4.48	1
0.90	4.81	1
-0.64	-3.68	1
-0.95	-5.66	1
2.24	12.16	1
-0.97	-5.13	1
2.19	11.71	1
-0.22	-0.53	1
1.19	4.42	1
1.76	8.72	1
-0.25	-3.55	1
0.27	-0.66	1
0.29	0.63	1
-0.42	-3.22	1
-0.48	-2.73	1
-0.42	-1.83	1
0.14	-0.64	1
0.32	1.17	1
-2.68	-13.15	1
0.16	1.22	1
-1.23	-4.54	1
-0.67	-5.24	1
-0.71	-4.46	1
0.13	1.30	1
1.24	4.05	1
2.65	12.72	1
-0.44	-1.26	1
0.11	1.97	1
-1.24	-5.62	1
-2.04	-10.56	1
0.37	0.72	1
-1.03	-7.06	1
1.12	4.31	1
0.15	1.08	1
1.80	9.43	1
-1.04	-5.47	1
-0.60	-3.24	1
0.96	5.74	1
-0.78	-2.39	1
0.41	3.84	1
-0.27	-0.22	1
-0.46	-1.38	1
1.23	4.83	1
0.81	3.85	1
-0.07	1.15	1
0.68	2.05	1
-0.43	-2.26	1
0.21	2.33	1
-0.33	-1.81	1
-1.20	-4.86	1
0.32	1.43	1
1.78	8.03	1
-1.27	-5.88	1
0.90	4.09	1
1.27	5.76	1
0.50	0.49	1
-1.44	-6.96	1
-0.52	-3.63	1
0.13	0.50	1
-0.03	-0.97	1
-0.95	-4.25	1
-0.19	-0.46	1
-1.93	-11.77	1
-0.59	-3.79	1
-0.08	-0.58	1
-0.54	-3.43	1
-1.87	-10.81	1
1.97	9.34	1
2.02	9.42	1
0.89	4.34	1
0.57	1.66	1
-0.70	-3.72	1
0.30	2.83	1
-0.69	-2.76	1
-0.59	-4.05	1
0.83	3.95	1
0.45	2.80	1
0.64	4.20	1
-0.59	-2.44	1
0.43	2.07	1
-0.99	-6.80	1
0.28	-0.36	1
0.12	-0.15	1
0.35	0.98	1
0.93	3.55	1
-1.52	-7.12	1
0.70	3.81	1
-1.57	-8.28	1
-1.76	-7.62	1
-0.20	-1.25	1
-1.26	-6.81	1
0.70	3.60	1
0.40	1.60	1
-0.29	-1.49	1
1.27	6.25	1
1.22	6.03	1
-0.03	-0.32	1
0.96	4.15	1
1.59	9.56	1
-0.37	-0.62	1
1.31	3.62	1
1.50	6.99	1
1.18	6.41	1
-0.98	-4.21	1
0.37	2.09	1
0.16	1.36	1
-0.09	-1.51	1
0.80	2.92	1
0.57	2.91	1
1.02	4.74	1
-0.21	-1.35	1
0.15	1.31	1
-0.53	-3.69	1
-0.23	0.92	1
-1.39	-7.63	1
-2.06	-9.75	1
0.51	1.20	1
1.20	6.71	1
1.57	8.82	1
-1.68	-7.60	1
-0.73	-4.70	1
-0.68	-2.74	1
-1.18	-4.52	1
0.88	3.71	1
-0.22	-1.47	1
0.43	3.32	1
-0.12	-1.41	1
1.40	7.28	1
-0.89	-5.57	1
-0.69	-3.26	1
1.02	5.17	1
1.49	8.24	1
-0.19	-2.11	1
1.05	5.37	1
-1.60	-8.32	1
0.91	3.68	1
0.74	2.99	1
0.46	3.22	1
-0.50	-2.55	1
-0.15	-0.25	1
-0.45	-3.29	1
-0.29	-1.85	1
0.11	1.35	1
-0.59	-2.42	1
1.18	6.35	1
-1.29	-8.15	1
-0.98	-6.25	1
1.90	9.81	1
0.43	1.88	1
1.19	4.84	1
1.61	10.12	1
1.12	6.37	1
-1.20	-7.23	1
2.08	10.62	1
-0.73	-4.92	1
0.00	-0.04	1
-0.75	-5.01	1
-1.15	-4.94	1
-0.43	-2.88	1
1.30	6.95	1
-0.02	-1.54	1
0.42	1.90	1
0.44	-0.43	1
-0.69	-3.56	1
-1.20	-5.12	1
1.29	6.18	1
-0.74	-3.21	1
-0.05	-0.09	1
0.52	3.45	1
0.13	-0.63	1
-2.46	-12.67	1
0.42	0.79	1
1.54	8.88	1
-0.99	-4.70	1
-0.60	-3.02	1
-1.56	-7.72	1
-0.10	-1.03	1
-0.58	-4.51	1
-0.45	-2.47	1
-1.47	-6.61	1
1.20	6.63	1
-1.47	-8.08	1
-0.03	-0.16	1
-1.62	-6.69	1
-1.60	-8.59	1
-0.09	0.06	1
-1.37	-8.12	1
0.00	0.59	1
0.61	3.67	1
2.18	11.11	1
-0.99	-4.74	1
-0.44	-1.41	1
-0.44	-3.36	1
1.14	6.36	1
-0.61	-2.86	1
-1.64	-9.24	1
0.59	2.34	1
-1.32	-8.51	1
-0.21	-1.11	1
0.51	3.99	1
0.86	4.39	1
0.64	2.83	1
-1.47	-9.14	1
-1.05	-4.60	1
0.99	4.74	1
-0.21	-2.59	1
-0.79	-3.56	1
-0.72	-3.48	1
0.81	4.25	1
0.93	3.90	1
-1.96	-8.41	1
0.67	2.75	1
-0.29	-3.84	1
-0.47	-0.12	1
-1.60	-7.52	1
-1.09	-5.35	1
1.17	5.86	1
-0.82	-5.43	1
1.43	6.80	1
0.42	1.95	1
0.71	3.45	1
-0.81	-3.41	1
-1.42	-6.33	1
-0.86	-5.17	1
-2.75	-12.94	1
0.28	1.26	1
-1.20	-7.70	1
1.05	3.82	1
-0.73	-4.18	1
-0.39	-2.28	1
0.82	4.56	1
-1.04	-4.93	1
0.22	1.20	1
-0.76	-4.17	1
-0.41	-3.29	1
0.16	2.17	1
0.22	-0.16	1
-2.07	-11.37	1
-0.08	0.86	1
-1.09	-6.21	1
0.61	3.80	1
0.61	3.23	1
-0.10	-0.59	1
0.82	3.53	1
-0.24	-1.86	1
1.44	7.42	1
-0.25	-0.96	1
1.01	4.58	1
0.01	-1.02	1
-1.89	-9.19	1
0.03	0.36	1
0.31	2.78	1
-1.68	-7.57	1
1.10	5.47	1
-0.42	-1.24	1
-0.60	-4.72	1
1.83	8.64	1
0.71	3.09	1
-0.60	-4.31	1
-0.21	-1.02	1
0.03	-0.91	1
1.07	4.05	1
-0.16	0.35	1
0.81	8.92	2
1.12	11.14	2
1.35	10.08	2
-1.16	-1.45	2
-0.98	-1.37	2
-1.70	-3.70	2
1.12	9.71	2
-0.45	3.38	2
1.15	10.53	2
0.02	4.19	2
-0.35	0.39	2
1.68	12.18	2
-1.19	-1.04	2
-1.19	-3.09	2
-0.33	2.08	2
-0.49	1.36	2
1.49	12.41	2
-0.32	1.97	2
-0.13	4.38	2
0.56	7.42	2
0.11	4.87	2
1.05	9.24	2
-0.55	1.33	2
-1.91	-4.71	2
-1.05	-0.24	2
0.60	6.02	2
0.81	10.77	2
0.72	5.76	2
-1.24	-1.04	2
1.18	8.69	2
2.85	19.16	2
-0.78	1.46	2
0.56	7.47	2
0.99	10.38	2
-0.12	2.05	2
0.40	6.12	2
-1.14	-3.03	2
-1.90	-4.62	2
-0.88	-1.01	2
-1.35	-1.82	2
-0.34	0.91	2
-0.54	-0.02	2
0.67	7.95	2
0.55	8.05	2
-0.19	4.21	2
-0.91	-0.55	2
-1.22	-2.29	2
1.08	9.24	2
-1.95	-8.02	2
1.32	11.42	2
0.04	5.57	2
0.73	5.36	2
-0.01	3.09	2
-0.28	3.25	2
-1.04	-1.64	2
1.11	9.36	2
0.44	6.50	2
0.20	4.84	2
-1.38	-3.03	2
0.42	5.44	2
1.60	12.03	2
-0.96	-3.01	2
-0.12	3.56	2
-1.43	-3.88	2
0.82	6.49	2
-0.09	4.70	2
0.56	5.81	2
1.47	12.13	2
-0.53	0.45	2
-0.29	2.21	2
-2.29	-6.52	2
0.14	4.24	2
2.44	16.70	2
0.35	7.40	2
-0.04	3.71	2
-1.13	0.63	2
-0.02	3.31	2
-0.10	2.42	2
0.26	3.57	2
0.29	5.84	2
0.95	7.97	2
-0.25	3.23	2
-1.90	-6.01	2
-0.93	-2.13	2
0.83	8.55	2
0.62	6.76	2
-0.08	2.91	2
-0.46	3.34	2
-1.71	-5.55	2
1.35	10.15	2
1.51	11.21	2
0.44	7.45	2
1.22	8.42	2
-1.38	-4.33	2
-0.01	4.18	2
-0.93	-0.86	2
0.79	9.38	2
-0.19	4.84	2
-1.63	-4.77	2
-0.91	-1.42	2
0.43	5.40	2
-1.38	-1.40	2
1.06	9.44	2
0.76	6.85	2
0.52	6.79	2
-0.31	2.57	2
-0.73	-0.06	2
-0.38	2.38	2
0.66	6.61	2
-1.62	-4.02	2
-0.57	-0.25	2
-1.27	-1.84	2
1.07	8.84	2
1.03	9.58	2
-1.12	-1.90	2
-1.78	-6.39	2
-0.41	3.81	2
0.22	5.58	2
-0.18	2.48	2
-1.22	-4.21	2
-0.01	5.07	2
0.13	3.96	2
1.21	12.41	2
-0.93	-0.27	2
-0.60	-0.24	2
1.34	9.06	2
-0.87	-0.19	2
-1.15	-1.35	2
0.36	4.82	2
0.09	4.34	2
0.52	8.50	2
-0.68	1.46	2
0.15	3.24	2
-1.96	-6.34	2
-0.71	0.41	2
-0.67	1.51	2
-0.33	1.18	2
-0.65	0.23	2
0.67	6.73	2
-1.25	-0.21	2
0.52	7.51	2
0.72	6.44	2
-1.38	-1.83	2
-0.83	-1.16	2
1.33	11.37	2
-0.22	0.60	2
-0.35	1.31	2
-0.50	1.72	2
0.32	5.19	2
0.83	6.82	2
-2.14	-6.77	2
-0.08	4.58	2
-0.75	-0.74	2
-0.29	3.35	2
-0.17	2.92	2
-1.28	-1.72	2
1.70	12.65	2
1.56	11.71	2
0.41	8.14	2
-0.87	-1.71	2
1.40	11.78	2
0.47	7.33	2
0.78	7.91	2
-2.22	-7.55	2
-0.52	1.70	2
0.41	7.24	2
1.13	8.63	2
0.80	6.93	2
0.48	5.87	2
-0.73	0.09	2
-0.07	2.95	2
-1.32	-0.95	2
-0.29	3.08	2
-0.36	3.35	2
-1.10	-1.25	2
0.56	7.86	2
0.35	4.62	2
1.20	10.21	2
1.65	12.12	2
0.97	8.44	2
-0.54	1.93	2
0.29	6.61	2
0.12	3.56	2
-1.20	-1.95	2
-1.06	-2.00	2
0.53	6.92	2
1.15	11.79	2
-1.01	0.55	2
-1.70	-4.37	2
-1.09	-1.31	2
2.76	18.07	2
-0.53	-0.25	2
0.92	7.10	2
-1.24	-1.43	2
0.79	8.20	2
1.00	8.73	2
1.13	9.29	2
2.40	15.56	2
1.43	10.54	2
-2.46	-8.84	2
0.34	5.83	2
1.19	10.78	2
-0.22	3.61	2
-0.09	1.98	2
-0.33	2.85	2
-1.46	-2.71	2
0.98	8.76	2
-1.18	-3.29	2
-1.25	-1.86	2
0.23	5.79	2
-0.67	-0.23	2
0.18	6.06	2
-0.36	2.16	2
1.09	10.67	2
0.33	6.49	2
1.31	8.57	2
-1.92	-4.97	2
0.74	7.30	2
0.79	6.37	2
0.13	4.06	2
-0.60	1.86	2
-0.14	4.57	2
0.72	7.74	2
-0.83	0.28	2
-0.38	1.92	2
-0.64	1.05	2
0.53	7.88	2
-1.22	-2.29	2
-0.45	1.43	2
0.32	3.85	2
-0.54	1.31	2
-0.05	3.15	2
-0.94	-1.56	2
-0.44	3.11	2
0.23	5.13	2
0.60	8.70	2
-0.46	2.05	2
0.40	7.10	2
-0.67	-0.54	2
-0.26	2.81	2
1.88	12.53	2
-1.08	-0.81	2
-0.27	1.94	2
-0.80	-0.50	2
1.20	9.89	2
-0.15	3.33	2
0.59	5.38	2
-0.36	1.14	2
-0.36	0.72	2
1.37	10.17	2
0.22	2.69	2
1.69	13.35	2
-0.16	3.67	2
-0.27	2.32	2
-0.03	4.53	2
-0.09	2.14	2
-0.95	-2.14	2
0.00	4.31	2
0.04	2.86	2
-0.74	-0.55	2
0.88	10.15	2
-0.81	-0.21	2
-0.15	1.23	2
1.40	11.17	2
0.15	6.19	2
-0.57	1.90	2
1.76	11.13	2
1.69	12.89	2
-0.71	0.77	2
-0.02	2.73	2
-0.51	1.24	2
0.71	9.94	2
-1.21	0.18	2
0.06	5.27	2
-1.11	-1.09	2
-1.24	-2.46	2
-1.16	0.33	2
-0.18	2.89	2
0.45	7.26	2
0.82	7.62	2
-0.06	2.78	2
-1.22	-1.31	2
-0.42	1.97	2
0.18	5.59	2
-0.24	3.22	2
1.19	10.17	2
1.12	10.18	2
1.50	11.51	2
0.46	6.75	2
0.25	4.54	2
1.85	12.75	2
0.30	7.20	2
0.54	7.79	2
-2.30	-9.17	2
-0.09	4.66	2
-0.23	3.45	2
-1.22	-1.76	2
-0.05	4.10	2
-0.63	-0.45	2
-2.66	-10.64	2
-0.71	0.75	2
1.66	13.21	2
-0.37	3.68	2
0.54	6.95	2
-2.22	-7.86	2
0.02	5.03	2
-0.07	3.09	2
0.51	4.94	2
1.03	11.03	2
0.71	6.59	2
0.72	8.92	2
0.50	5.81	2
0.36	5.71	2
-0.75	1.02	2
-0.09	4.23	2
1.39	10.72	2
-0.67	-0.92	2
0.97	9.11	2
-0.31	1.94	2
1.01	9.05	2
-1.43	-3.35	2
-0.40	2.29	2
-0.10	1.42	2
-0.68	-1.03	2
-0.74	1.80	2
0.96	8.97	2
-1.14	-1.00	2
0.71	6.61	2
-0.20	4.26	2
0.44	7.20	2
0.55	7.12	2
-0.49	0.56	2
-1.03	-1.90	2
-1.80	-5.84	2
-0.26	4.02	2
0.61	7.78	2
-1.31	-1.50	2
-0.06	2.75	2
-0.17	3.31	2
-1.30	-2.14	2
0.15	5.16	2
1.67	14.22	2
1.27	11.02	2
-0.05	4.74	2
0.44	7.18	2
1.80	12.93	2
0.51	8.30	2
-0.11	3.03	2
-0.06	5.09	2
-0.69	0.67	2
0.05	1.75	2
0.06	4.10	2
-0.58	-0.44	2
0.13	5.16	2
0.20	3.67	2
-0.76	2.10	2
1.11	9.44	2
-0.27	2.14	2
1.49	12.69	2
0.23	4.79	2
0.72	6.92	2
-1.99	-5.88	2
-0.55	0.35	2
0.19	4.77	2
-1.80	-6.95	2
-1.03	-1.23	2
0.20	4.11	2
0.84	7.40	2
1.31	9.76	2
0.06	5.41	2
-1.71	-2.16	2
0.47	6.10	2
-0.13	1.93	2
0.77	7.51	2
0.37	5.81	2
1.12	6.77	2
-0.12	3.28	2
-2.67	-11.68	2
-0.80	1.73	2
2.17	14.41	2
0.02	3.63	2
0.06	3.57	2
-0.64	1.91	2
1.35	11.52	2
-1.01	0.29	2
0.56	6.52	2
-1.48	-4.43	2
-1.11	-0.57	2
0.08	3.79	2
-0.45	2.97	2
2.01	13.84	2
1.77	12.28	2
1.33	10.54	2
-0.52	1.31	2
-0.88	-0.27	2
-0.41	0.81	2
-0.24	1.64	2
1.73	12.32	2
-0.80	0.42	2
0.47	6.50	2
0.81	7.37	2
-0.80	-1.52	2
0.27	5.18	2
-0.90	1.81	2
1.08	11.32	2
-0.55	1.35	2
0.66	7.79	2
0.87	9.16	2
1.65	11.22	2
-2.48	-10.08	2
-0.22	0.82	2
-2.18	-7.34	2
0.03	2.25	2
0.14	4.85	2
-1.80	-6.70	2
1.38	11.27	2
0.01	4.88	2
0.23	6.27	2
-0.02	2.31	2
-1.03	0.07	2
-1.26	-2.61	2
-1.39	-3.99	2
-0.96	-1.43	2
0.72	6.75	2
0.25	3.77	2
-1.01	0.07	2
0.94	8.56	2
-0.31	0.82	2
0.67	6.36	2
-2.30	-7.79	2
1.21	8.91	2
-2.11	-6.23	2
-0.46	1.44	2
-0.48	2.47	2
-0.24	2.77	2
-0.64	-0.69	2
0.82	6.89	2
0.97	7.76	2
0.49	5.91	2
0.76	7.86	2
-2.05	-4.79	2
0.93	8.75	2
-0.37	0.61	2
1.76	12.75	2
-1.78	-4.51	2
0.48	7.78	2
0.34	6.73	2
-0.50	-1.02	2
0.38	5.71	2
-0.42	3.24	2
0.90	9.75	2
1.37	9.24	2
-1.05	-0.81	2
-0.01	5.12	2
-1.40	-1.49	2
0.28	3.61	2
0.52	6.15	2
0.73	8.48	2
-0.32	2.80	2
1.52	12.09	2
-1.42	-3.35	2
-1.86	-6.88	2
0.57	5.94	2
0.68	6.98	2
1.00	10.08	2
-2.51	-7.40	2
1.62	12.69	2
0.12	5.81	2
0.61	7.62	2
-0.59	1.35	2
0.02	3.39	2
0.22	5.20	2
-0.41	1.51	2
-0.94	-0.13	2
-2.37	-6.31	2
-0.57	1.94	2
-0.49	2.76	2
-0.10	3.63	2
0.21	5.44	2
0.29	4.74	2
-0.44	1.71	2
-0.41	0.77	2
-2.59	-9.60	2
-0.49	0.27	2
1.68	14.01	2
1.44	11.95	2
-0.66	0.20	2
-1.29	-2.44	2
-0.41	0.57	2
1.55	9.73	2
-1.05	-0.24	2
0.00	2.99	2
1.07	10.99	2
-0.16	4.44	2
-0.39	2.45	2
-0.33	3.38	2
1.44	10.46	2
-0.05	2.26	2
-0.08	4.23	2
0.24	5.39	2
0.05	4.77	2
0.82	7.96	2
-0.46	2.39	2
-0.36	1.26	2
-0.35	2.18	2
-0.75	-0.40	2
-1.68	-3.46	2
-0.33	3.32	2
0.17	3.95	2
-0.09	3.50	2
-0.67	-0.02	2
0.57	7.85	2
-0.39	2.00	2
2.15	15.75	2
0.44	3.93	2
-0.68	1.76	2
1.04	10.48	2
-2.15	-8.18	2
-0.86	-1.96	2
-0.72	0.56	2
0.25	4.39	2
-0.03	5.13	2
-1.00	-1.34	2
0.76	8.57	2
-0.06	2.52	2
-1.88	-5.26	2
0.04	5.16	2
1.35	11.65	2
1.14	10.01	2
1.46	11.57	2
-0.71	-0.45	2
-1.59	-3.25	2
0.56	5.23	2
1.47	11.61	2
-0.98	0.23	2
0.65	6.95	2
-0.66	0.36	2
1.42	11.65	2
0.04	5.21	2
-1.18	-2.62	2
1.18	10.28	2
-1.17	-0.12	2
3.94	24.67	2
1.62	12.36	2
-0.93	0.73	2
-0.17	2.77	2
-1.51	-4.77	2
-0.66	1.99	2
1.54	12.62	2
-1.79	-5.27	2
2.05	14.06	2
1.54	12.63	2
-1.35	-2.62	2
-0.92	-1.66	2
-0.50	-0.47	2
1.00	9.57	2
-0.66	0.64	2
-0.09	3.46	2
0.00	3.23	2
-1.04	1.29	2
0.96	8.53	2
1.29	10.05	2
1.51	10.91	2
1.40	11.37	2
0.21	6.10	2
-0.50	0.33	2
1.18	9.83	2
-0.40	3.39	2
-0.08	4.65	2
0.47	6.66	2
-0.26	2.93	2
-0.12	4.25	2
0.39	5.95	2
0.16	5.33	2
0.55	5.57	2
-0.44	0.79	2
0.44	7.34	2
-0.41	2.09	2
0.01	4.49	2
0.23	4.69	2
0.60	7.42	2
0.20	5.20	2
-0.07	3.51	2
-0.33	1.75	2
-1.38	-2.66	2
-0.71	-0.27	2
-0.19	3.78	2
-0.13	3.86	2
-0.20	2.65	2
-0.24	0.83	2
-0.37	3.93	2
0.16	6.22	2
0.01	4.53	2
-0.18	3.17	2
0.30	7.13	2
-1.02	-2.54	2
-0.51	2.53	2
-2.06	-7.83	2
0.18	4.12	2
-1.23	-3.01	2
-0.18	6.01	2
-1.05	-2.03	2
0.06	4.64	2
0.97	8.44	2
0.79	7.23	2
0.71	8.26	2
-0.09	1.68	2
0.74	6.83	2
1.47	10.29	2
-0.30	2.03	2
0.72	6.32	2
-0.33	0.18	2
0.91	8.71	2
-0.68	0.52	2
0.25	3.94	2
0.40	6.59	2
-0.01	4.11	2
-1.34	-3.15	2
0.25	6.32	2
-1.62	-3.64	2
0.51	5.50	2
-0.12	3.39	2
1.39	10.70	2
-0.93	-0.58	2
0.29	6.65	2
0.45	6.39	2
-0.30	-0.05	2
1.76	12.82	2
0.29	5.17	2
-1.09	-0.98	2
-0.40	3.40	2
0.96	8.10	2
-0.63	0.50	2
0.04	4.84	2
0.08	6.63	2
-0.12	5.19	2
0.48	6.73	2
2.10	16.95	2
0.52	6.06	2
0.30	5.06	2
1.34	9.96	2
-0.48	2.12	2
-1.66	-3.75	2
0.35	4.74	2
-0.80	-0.63	2
0.28	4.44	2
0.20	5.19	2
-0.75	0.15	2
0.09	4.25	2
-1.19	-4.02	2
1.12	8.80	2
0.90	9.27	2
1.58	10.91	2
0.79	10.12	2
2.36	14.66	2
1.93	14.34	2
0.09	3.62	2
0.17	4.01	2
1.26	11.02	2
0.26	5.49	2
-2.60	-10.17	2
-1.42	-1.99	2
2.01	13.03	2
-0.32	1.66	2
-0.38	3.10	2
-0.63	1.37	2
0.06	4.01	2
2.39	13.07	2
-1.35	-3.11	2
0.38	6.97	2
-0.33	2.51	2
0.50	5.59	2
1.05	10.02	2
0.44	8.23	2
1.05	9.07	2
1.42	12.58	2
-0.65	0.46	2
1.39	11.22	2
0.69	8.05	2
0.31	5.27	2
1.80	11.39	2
-0.60	1.19	2
0.32	5.23	2
0.26	4.31	2
-0.14	3.41	2
-1.30	-2.99	2
0.20	5.67	2
0.24	4.54	2
0.71	8.43	2
-0.35	2.18	2
0.01	2.35	2
0.72	6.46	2
0.05	3.75	2
-1.15	-2.86	2
0.78	9.64	2
1.06	9.22	2
0.16	6.63	2
0.09	3.86	2
-2.27	-6.82	2
-0.73	-0.30	2
0.35	5.22	2
1.53	9.64	2
0.66	6.78	2
-0.87	-1.45	2
0.24	3.85	2
0.53	4.94	2
0.05	4.80	2
0.72	8.38	2
-0.51	1.35	2
-0.19	2.41	2
0.43	6.76	2
0.04	4.03	2
-1.42	-2.44	2
0.90	8.05	2
-0.09	1.49	2
0.21	6.08	2
2.83	18.46	2
-1.39	-0.96	2
0.52	6.85	2
0.99	7.11	2
1.06	10.91	2
0.18	5.71	2
0.00	4.84	2
1.23	9.19	2
0.84	9.32	2
-0.74	0.41	2
-0.49	2.36	2
1.03	9.67	2
-1.59	-4.15	2
-0.68	1.19	2
0.95	8.06	2
-0.16	4.37	2
-1.88	-4.49	2
-0.21	2.08	2
2.42	14.94	2
0.39	7.10	2
1.26	9.31	2
1.06	11.63	2
-0.36	4.03	2
2.08	14.64	2
-0.08	2.77	2
0.52	6.70	2
-1.06	-1.93	2
-1.71	-3.24	2
-0.69	0.13	2
-0.04	3.73	2
1.01	9.56	2
-0.89	-1.03	2
0.46	7.05	2
-0.78	-0.02	2
-1.19	-1.21	2
0.46	5.96	2
-1.27	-3.41	2
-0.64	1.84	2
0.00	4.12	2
-1.76	-3.31	2
-1.74	-4.87	2
-0.29	1.90	2
0.04	3.24	2
0.47	4.94	2
-1.51	-3.25	2
0.72	7.13	2
-0.51	2.71	2
1.27	10.49	2
-0.53	0.41	2
0.84	8.04	2
-1.35	-0.93	2
-0.17	2.97	2
0.13	4.80	2
0.56	8.43	2
0.08	6.41	2
-0.60	0.12	2
-0.36	1.18	2
0.43	7.00	2
-2.05	-7.95	2
-0.68	1.18	2
0.93	7.85	2
0.69	6.67	2
-0.60	2.12	2
-0.77	0.00	2
-1.97	-7.24	2
-1.32	-3.16	2
-1.79	-6.36	2
1.85	14.16	2
-1.19	-0.78	2
-0.25	-0.25	2
0.38	4.02	2
0.93	9.56	2
0.22	4.18	2
-2.35	-7.45	2
-1.64	-4.95	2
-0.05	4.34	2
0.79	8.17	2
1.49	12.05	2
-0.50	2.46	2
-0.12	2.11	2
1.16	10.47	2
0.81	7.79	2
0.62	7.59	2
-1.15	-2.08	2
0.02	3.71	2
-1.58	-4.43	2
-2.18	-7.14	2
-0.46	2.30	2
-0.52	1.78	2
-0.64	-0.49	2
-1.71	-4.94	2
0.13	5.38	2
1.21	8.91	2
1.07	9.45	2
-0.46	2.10	2
-0.14	4.72	2
-0.31	1.54	2
-0.92	-1.15	2
0.60	6.18	2
0.95	9.86	2
0.27	6.02	2
0.69	8.02	2
-0.18	0.57	2
-0.16	4.33	2
0.22	4.91	2
1.99	13.63	2
-0.83	-2.27	2
0.01	4.94	2
0.26	4.65	2
-0.39	2.40	2
-1.02	-2.52	2
1.34	10.64	2
-1.72	-5.49	2
-0.51	2.05	2
-2.20	-9.01	2
-0.42	1.87	2
0.00	4.76	2
-0.32	3.31	2
0.45	5.41	2
0.14	5.79	2
-0.05	3.54	2
1.11	10.06	2
-0.20	4.10	2
0.63	6.92	2
-0.02	3.98	2
-0.67	1.40	2
0.87	8.56	2
-0.36	2.32	2
1.91	14.41	2
-0.90	-1.51	2
-0.17	5.33	2
-1.00	-1.10	2
1.22	9.38	2
-0.30	2.46	2
-0.48	2.50	2
0.41	5.36	2
-0.39	2.97	2
-0.38	2.27	2
-0.11	4.95	2
-0.09	2.65	2
0.23	4.43	2
-0.52	1.61	2
0.30	5.97	2
-0.25	1.45	2
1.48	11.86	2
0.97	9.79	2
-2.16	-7.50	2
0.76	6.40	2
-0.64	0.75	2
0.94	8.12	2
-2.56	-6.54	2
0.44	7.37	2
-0.13	3.33	2
2.39	14.63	2
-1.64	-3.71	2
0.78	7.49	2
0.42	6.65	2
-0.22	3.81	2
-0.38	1.90	2
0.53	5.61	2
-0.91	-1.97	2
0.41	4.77	2
-0.62	0.84	2
-0.47	3.03	2
-1.17	-1.58	2
0.94	8.21	2
0.64	7.35	2
0.25	3.36	2
-0.07	5.73	2
-0.51	0.08	2
2.36	14.78	2
1.62	10.97	2
0.74	6.13	2
1.29	12.25	2
-1.78	-4.87	2
0.55	6.31	2
-0.32	2.48	2
0.39	5.50	2
0.74	7.17	2
0.86	7.38	2
-1.08	-2.00	2
0.03	5.01	2
-2.17	-7.01	2
-1.36	-2.25	2
1.21	9.77	2
1.60	11.01	2
-0.12	2.82	2
0.18	4.79	2
-0.06	4.90	2
0.44	6.43	2
-0.32	3.71	2
0.85	8.52	2
-0.56	1.21	2
-1.54	-3.84	2
0.73	5.97	2
0.16	5.70	2
-0.86	0.37	2
-1.32	-2.37	2
1.36	11.27	2
-1.25	-0.47	2
0.44	5.74	2
-1.09	-2.43	2
0.73	9.21	2
0.66	6.53	2
-0.50	2.33	2
-1.05	-3.00	2
-0.31	2.16	2
0.78	6.04	2
0.29	3.80	2
-0.93	0.35	2
-0.19	4.06	2
0.86	8.32	2
-1.10	-1.08	2
1.45	11.71	2
0.24	5.87	2
-0.62	1.45	2
0.22	5.05	2
-0.23	4.55	2
-1.77	-6.34	2
-0.97	-1.30	2
-0.38	1.40	2
1.12	9.61	2
0.28	4.32	2
-0.29	1.51	2
-0.74	-1.22	2
-2.19	-8.04	2
0.18	2.81	2
0.58	6.13	2
-0.46	1.61	2
-0.27	4.20	2
-1.70	-2.64	2
0.96	9.20	2
-0.31	1.90	2
0.18	3.95	2
-0.79	0.89	2
-0.21	5.16	2
1.38	12.42	2
-1.16	-3.94	2
1.74	11.81	2
1.50	10.39	2
-1.16	-3.50	2
-0.75	-0.10	2
-0.40	1.22	2
-0.12	3.69	2
0.12	3.78	2
0.17	4.84	2
0.63	6.75	2
-0.60	1.55	2
-0.03	5.21	2
1.32	11.72	2
1.44	13.06	2
-0.24	3.42	2
-0.94	-0.41	2
-0.03	3.80	2
-0.78	-1.21	2
-0.10	4.91	2
-1.23	-1.81	2
0.41	5.14	2
-2.35	-7.89	2
0.20	6.53	2
0.48	7.74	2
-1.09	-0.94	2
-0.47	0.46	2
0.53	5.31	2
-0.16	4.20	2
0.89	7.46	2
1.24	10.78	2
-0.38	3.30	2
-0.37	2.75	2
0.97	7.09	2
1.05	10.52	2
-0.30	2.10	2
0.16	4.92	2
-0.74	1.39	2
-0.77	-0.64	2
0.53	6.55	2
-0.39	3.87	2
0.04	4.22	2
-1.37	-3.08	2
-0.16	3.32	2
-0.82	-1.21	2
0.72	4.94	2
-0.22	1.06	2
0.61	8.46	2
2.04	20.98	3
0.63	12.41	3
-0.57	7.16	3
0.06	11.50	3
0.18	10.87	3
-2.11	-1.52	3
1.63	17.02	3
-0.90	6.91	3
2.51	21.71	3
-2.42	-1.93	3
1.23	16.51	3
-0.83	6.07	3
0.15	10.63	3
-0.65	7.69	3
0.31	13.85	3
0.27	11.22	3
-1.40	3.27	3
1.57	15.86	3
-0.22	11.36	3
-0.50	7.65	3
0.29	11.09	3
0.42	10.63	3
-0.91	5.55	3
-1.02	4.78	3
-0.45	7.39	3
-0.98	5.50	3
0.68	13.74	3
-0.75	4.86	3
-0.78	6.17	3
-0.35	8.21	3
0.79	15.13	3
0.97	15.33	3
0.83	13.74	3
-0.71	4.57	3
-0.80	5.79	3
1.39	16.87	3
1.59	17.69	3
-0.27	7.97	3
0.75	14.16	3
0.98	15.43	3
-0.40	9.15	3
0.15	9.13	3
2.03	20.25	3
-0.68	6.67	3
-0.64	5.59	3
1.12	13.33	3
-1.50	3.72	3
-0.85	6.80	3
1.07	15.80	3
-0.43	7.12	3
-1.06	5.65	3
-1.78	0.93	3
1.19	16.50	3
0.25	10.66	3
0.82	14.92	3
1.24	17.10	3
0.58	13.40	3
1.15	15.56	3
-2.41	-2.07	3
0.41	12.87	3
0.34	12.99	3
1.05	14.64	3
-0.83	8.12	3
-0.84	4.97	3
0.51	12.93	3
0.95	13.79	3
0.11	11.78	3
2.06	20.95	3
0.45	13.77	3
0.11	9.02	3
-0.48	8.86	3
0.22	13.46	3
1.03	15.82	3
-0.14	8.90	3
1.16	15.44	3
-0.51	6.64	3
-0.24	8.47	3
0.40	11.29	3
-0.18	10.92	3
-1.57	1.20	3
-0.27	8.21	3
-0.22	9.28	3
0.01	8.58	3
-1.18	4.72	3
0.54	13.87	3
0.95	12.83	3
0.36	12.61	3
-0.52	6.91	3
-1.24	5.56	3
-0.26	9.84	3
-0.30	7.92	3
-0.41	8.70	3
1.30	16.78	3
1.58	18.00	3
-1.79	1.41	3
0.27	9.50	3
-0.27	8.91	3
-0.11	9.13	3
-0.75	4.30	3
-0.98	4.81	3
0.45	12.21	3
-0.17	10.60	3
-1.63	2.76	3
0.05	9.77	3
-1.29	2.91	3
-0.06	10.89	3
0.20	11.02	3
0.49	12.58	3
-0.70	7.27	3
1.50	19.30	3
2.56	23.23	3
0.15	10.39	3
-0.37	7.50	3
1.54	17.49	3
-0.62	6.15	3
1.55	19.26	3
1.37	16.76	3
1.20	14.60	3
0.04	10.73	3
-0.68	6.90	3
1.44	16.91	3
-0.06	10.93	3
0.80	14.42	3
-0.83	5.54	3
0.70	13.81	3
2.19	21.99	3
0.21	10.69	3
-0.89	5.44	3
-1.90	0.23	3
0.79	14.45	3
-0.92	5.01	3
0.42	13.41	3
-0.54	8.03	3
-0.72	4.50	3
-1.12	4.15	3
-1.11	5.17	3
0.02	9.21	3
0.12	10.81	3
-0.19	8.24	3
1.09	16.43	3
-0.26	9.46	3
-0.12	9.33	3
-0.82	5.01	3
-0.49	7.50	3
2.48	21.63	3
-0.43	8.80	3
0.57	12.74	3
0.34	10.86	3
1.49	18.12	3
1.14	14.05	3
1.34	15.06	3
0.46	11.50	3
-1.77	2.14	3
0.05	11.73	3
0.33	11.84	3
0.16	9.91	3
-0.99	4.02	3
0.54	13.00	3
0.61	13.44	3
0.23	9.87	3
-0.88	6.78	3
1.27	17.55	3
0.34	13.43	3
-0.42	7.35	3
-1.26	4.21	3
-1.36	3.92	3
-0.91	5.86	3
0.49	12.52	3
-0.57	6.93	3
0.46	12.71	3
-1.16	4.86	3
-0.02	10.70	3
1.71	17.28	3
0.42	10.90	3
1.31	17.16	3
-0.64	7.79	3
-1.21	3.67	3
-1.19	3.10	3
0.08	10.33	3
0.98	15.37	3
-0.72	7.69	3
0.09	10.15	3
0.49	13.14	3
2.04	20.73	3
-0.75	6.16	3
0.98	12.64	3
-1.38	2.18	3
-0.95	4.71	3
0.35	12.55	3
0.92	12.67	3
1.13	13.09	3
-0.78	4.96	3
-1.12	5.17	3
1.03	16.01	3
0.75	12.89	3
-1.42	2.09	3
-0.36	8.63	3
0.39	11.44	3
-0.15	9.70	3
-1.19	3.81	3
-0.90	5.31	3
0.64	14.33	3
1.17	15.49	3
0.06	10.45	3
-0.98	3.80	3
0.02	9.47	3
-0.86	4.62	3
0.29	11.01	3
1.14	15.58	3
1.59	16.59	3
0.87	12.96	3
0.99	14.84	3
0.55	13.66	3
1.04	15.59	3
0.34	11.24	3
-0.32	8.03	3
0.77	14.71	3
0.07	9.02	3
1.78	21.58	3
-0.70	6.26	3
-0.57	7.37	3
-1.45	1.08	3
1.50	16.74	3
0.48	10.40	3
0.33	11.10	3
0.87	14.46	3
-0.66	5.59	3
0.24	12.97	3
2.24	23.12	3
-1.02	4.02	3
-1.43	3.31	3
0.12	10.16	3
1.30	14.85	3
-0.46	8.89	3
0.63	11.85	3
0.89	13.76	3
0.79	13.39	3
0.60	12.71	3
-0.49	7.96	3
1.56	16.74	3
1.89	17.78	3
-0.19	8.10	3
-1.16	3.44	3
1.22	16.06	3
0.14	8.81	3
1.61	17.55	3
0.09	11.11	3
-0.14	7.95	3
0.26	10.56	3
0.71	13.24	3
0.82	12.91	3
0.58	13.26	3
0.63	11.36	3
-0.18	9.50	3
0.36	13.18	3
-0.93	4.27	3
-0.65	6.76	3
-0.16	9.86	3
0.00	10.33	3
0.38	11.69	3
-0.65	7.13	3
-0.80	7.10	3
0.08	12.51	3
-0.81	5.88	3
-0.67	5.79	3
1.15	14.77	3
-0.39	8.05	3
-0.88	5.69	3
-0.72	7.26	3
0.91	14.91	3
-1.83	1.47	3
-1.76	1.55	3
2.77	23.53	3
-1.24	2.50	3
-1.67	2.32	3
-0.53	6.71	3
-0.06	11.28	3
-0.73	5.34	3
-1.28	4.96	3
-0.18	9.88	3
0.45	13.52	3
-1.31	4.84	3
-0.84	5.60	3
-0.28	9.85	3
-0.80	6.52	3
-1.14	5.45	3
1.39	16.74	3
1.84	19.03	3
-0.79	5.59	3
-0.49	6.90	3
-0.29	8.50	3
0.03	10.83	3
1.13	15.29	3
-1.61	2.81	3
0.50	13.53	3
0.70	13.53	3
-0.12	10.74	3
-0.52	8.49	3
-0.02	10.48	3
1.08	16.31	3
0.46	13.13	3
0.25	9.97	3
-1.46	2.75	3
-0.08	7.90	3
0.17	11.00	3
0.83	11.77	3
-0.01	11.59	3
-1.58	2.08	3
1.20	16.89	3
-1.49	4.90	3
0.80	14.56	3
-1.44	2.46	3
-1.53	2.59	3
0.71	11.82	3
-1.63	1.04	3
-2.29	-1.45	3
-0.84	5.73	3
0.66	11.61	3
-2.34	-1.18	3
0.66	14.44	3
0.62	11.31	3
0.42	12.99	3
0.98	14.08	3
-1.06	7.22	3
0.72	14.01	3
1.50	19.53	3
-1.11	4.69	3
0.61	13.54	3
0.54	11.88	3
1.19	16.29	3
-3.39	-7.56	3
2.25	19.86	3
-2.07	2.12	3
-0.04	10.50	3
-1.42	5.13	3
0.09	8.49	3
0.74	11.26	3
-0.44	8.59	3
0.92	14.03	3
-2.13	-0.19	3
-0.47	7.54	3
0.44	12.49	3
0.48	12.40	3
-0.06	9.99	3
-0.30	7.17	3
-0.51	7.08	3
1.35	15.86	3
-0.06	8.99	3
0.07	11.08	3
2.28	21.99	3
-1.56	3.02	3
1.31	16.85	3
-0.98	5.29	3
-0.49	7.69	3
-0.59	6.28	3
1.07	15.44	3
-0.65	6.45	3
-1.05	3.86	3
0.85	15.21	3
0.46	11.03	3
-1.42	3.00	3
0.16	10.92	3
-0.51	6.93	3
0.75	13.82	3
0.95	14.19	3
-0.07	9.84	3
0.34	13.43	3
-0.13	8.98	3
0.36	11.20	3
-0.01	9.15	3
0.82	14.16	3
1.97	21.07	3
0.80	13.96	3
0.14	9.68	3
1.21	15.74	3
-0.18	7.63	3
-0.34	9.40	3
-0.20	9.62	3
-0.99	3.86	3
-0.14	9.85	3
0.44	11.25	3
-1.66	1.57	3
-0.66	6.02	3
-0.98	7.31	3
0.54	12.89	3
-0.89	5.76	3
0.06	11.13	3
-0.16	9.55	3
-0.83	8.28	3
0.40	11.14	3
-2.02	0.78	3
-0.23	7.81	3
0.42	12.56	3
-1.14	4.23	3
-0.11	9.22	3
-0.11	11.87	3
1.78	18.37	3
-0.06	9.51	3
-0.52	6.37	3
-0.52	7.48	3
-0.15	9.04	3
0.71	13.55	3
-1.35	3.25	3
-1.91	0.21	3
-0.76	5.90	3
0.61	13.88	3
-1.08	4.27	3
-0.97	5.10	3
0.20	11.66	3
0.21	10.40	3
0.98	14.76	3
0.79	13.32	3
-0.12	10.37	3
2.37	21.63	3
0.29	10.84	3
1.21	15.54	3
1.31	18.64	3
0.62	13.50	3
1.25	18.04	3
-0.68	6.90	3
0.50	11.50	3
-2.15	-0.84	3
-0.26	8.76	3
1.26	17.98	3
0.38	13.89	3
-0.33	7.47	3
0.79	13.20	3
-0.80	6.52	3
-0.88	7.63	3
0.25	8.08	3
0.15	10.67	3
0.79	13.54	3
-0.45	9.31	3
-1.57	2.56	3
-0.61	6.79	3
0.20	12.05	3
-1.66	0.33	3
0.19	9.72	3
-0.63	7.96	3
-2.17	-2.10	3
1.16	16.44	3
0.68	13.44	3
-0.94	5.19	3
-1.35	2.44	3
-0.07	10.43	3
-2.15	-0.58	3
-1.10	4.12	3
-1.88	-0.29	3
2.00	18.19	3
-0.87	7.16	3
-0.51	8.13	3
-2.06	-0.27	3
0.09	11.54	3
-1.38	2.91	3
1.41	17.51	3
0.77	14.02	3
0.39	12.94	3
0.41	11.17	3
1.65	18.22	3
-0.22	7.57	3
0.32	12.58	3
0.17	10.52	3
1.87	18.70	3
-0.91	6.05	3
1.09	16.08	3
-0.06	9.44	3
0.03	10.16	3
-0.40	7.03	3
0.38	13.55	3
-1.32	3.58	3
0.59	13.42	3
-0.34	8.56	3
0.41	10.86	3
-0.81	5.36	3
-1.37	1.94	3
-0.49	8.59	3
0.00	10.41	3
-0.85	3.81	3
-0.47	7.53	3
-0.01	7.76	3
-0.18	7.62	3
-0.32	7.81	3
-0.51	8.12	3
-0.71	6.25	3
0.68	13.34	3
0.32	11.28	3
0.51	12.21	3
0.11	10.54	3
0.77	14.86	3
-1.07	3.12	3
0.22	12.34	3
0.33	12.87	3
1.04	15.54	3
-0.10	9.20	3
0.08	9.43	3
-1.27	4.83	3
-2.64	-4.21	3
-0.29	10.29	3
0.05	10.62	3
0.00	10.53	3
1.19	14.33	3
1.35	16.26	3
0.45	12.90	3
-1.04	3.17	3
-1.54	1.14	3
0.38	12.02	3
-0.78	6.05	3
-0.84	5.27	3
-1.16	2.91	3
1.35	15.98	3
-1.49	3.68	3
2.02	19.65	3
2.06	19.43	3
-2.25	-1.44	3
0.81	12.97	3
0.99	16.06	3
0.64	13.69	3
1.11	16.08	3
1.56	18.26	3
-0.60	5.91	3
-0.45	7.38	3
0.55	12.87	3
1.73	19.23	3
0.11	10.85	3
-0.77	6.55	3
1.42	17.08	3
1.49	17.21	3
0.12	11.01	3
-0.18	8.36	3
-2.10	-0.68	3
1.05	14.54	3
0.19	11.51	3
-0.57	6.54	3
0.08	11.00	3
0.47	14.23	3
-0.69	6.53	3
0.27	12.61	3
-0.90	5.33	3
1.42	17.39	3
-0.85	8.60	3
0.07	8.72	3
-1.33	4.15	3
0.33	10.90	3
0.37	11.90	3
0.30	11.74	3
-1.36	3.42	3
-0.19	10.67	3
1.08	16.01	3
-0.17	9.54	3
-0.78	6.21	3
0.28	11.93	3
-0.57	5.40	3
0.32	11.37	3
-1.66	2.33	3
-0.36	6.86	3
-0.32	8.18	3
0.46	12.22	3
-0.30	7.53	3
1.36	16.40	3
1.01	16.43	3
0.27	10.92	3
-0.44	9.55	3
-0.71	5.88	3
-0.55	6.45	3
0.65	12.77	3
-0.45	7.76	3
0.20	11.26	3
0.94	12.90	3
0.39	12.35	3
0.12	10.29	3
0.46	11.14	3
-0.14	9.83	3
-0.14	9.15	3
1.94	20.50	3
0.67	11.13	3
-0.73	5.07	3
2.28	21.63	3
1.20	17.40	3
-1.35	3.38	3
-1.13	3.82	3
1.21	16.16	3
-1.20	3.76	3
-0.12	10.00	3
-1.89	0.61	3
1.72	17.09	3
0.48	13.04	3
-1.30	3.14	3
1.44	17.75	3
-1.29	2.92	3
-1.19	3.94	3
-0.34	8.73	3
0.88	13.05	3
-0.52	6.87	3
0.15	10.45	3
1.84	19.21	3
-1.40	6.28	3
0.33	11.82	3
0.90	13.22	3
0.92	15.68	3
-0.19	10.27	3
0.38	12.58	3
0.70	14.19	3
-2.08	-0.09	3
-0.17	8.40	3
0.51	13.23	3
0.39	13.78	3
0.68	14.38	3
-0.94	4.84	3
-0.09	7.24	3
-2.09	-0.51	3
0.58	11.20	3
-0.35	7.52	3
-0.69	6.96	3
1.42	17.79	3
-1.30	1.76	3
-1.19	3.45	3
0.64	11.91	3
-0.01	10.76	3
-0.03	9.89	3
0.26	11.25	3
1.13	14.95	3
-0.01	9.12	3
1.32	16.02	3
2.17	20.29	3
-1.55	1.76	3
0.25	12.32	3
-1.64	1.92	3
1.03	14.33	3
-0.83	4.02	3
-0.30	8.07	3
0.55	13.40	3
1.16	17.27	3
-1.24	3.94	3
-0.83	7.81	3
0.84	15.26	3
0.11	9.81	3
-0.62	5.86	3
0.53	12.81	3
-1.50	1.67	3
1.19	16.48	3
1.18	17.13	3
-0.23	8.00	3
0.35	10.18	3
0.39	12.50	3
0.26	13.30	3
0.21	10.71	3
-2.22	0.40	3
0.18	10.30	3
-0.28	8.85	3
0.98	13.77	3
0.80	13.81	3
-0.14	7.69	3
-1.16	3.29	3
0.66	14.17	3
0.14	9.70	3
-1.30	4.30	3
0.65	14.94	3
0.72	13.15	3
-3.10	-5.24	3
-0.63	7.47	3
1.84	19.04	3
0.04	9.89	3
0.80	15.13	3
-0.52	6.83	3
-2.34	-1.14	3
0.53	12.00	3
0.08	9.61	3
-0.41	7.19	3
-1.26	4.53	3
1.18	15.52	3
-2.50	-3.20	3
0.50	13.41	3
-0.04	9.39	3
0.10	9.65	3
0.21	11.17	3
1.00	16.71	3
0.56	12.90	3
-0.01	9.71	3
0.27	10.70	3
0.15	11.65	3
0.83	12.96	3
-1.19	2.49	3
-1.31	3.81	3
-1.10	3.30	3
-0.63	7.14	3
-0.19	10.13	3
-1.90	-0.35	3
-0.70	8.56	3
2.03	18.83	3
-0.73	5.92	3
0.05	9.20	3
-0.98	5.32	3
0.45	12.41	3
-1.08	5.08	3
0.17	9.94	3
-0.70	7.20	3
0.87	14.80	3
-0.08	9.75	3
-1.45	3.07	3
-0.53	7.82	3
0.00	10.86	3
0.16	10.39	3
-1.78	0.54	3
-0.13	9.76	3
1.20	15.73	3
0.52	13.62	3
-0.86	6.03	3
0.13	12.63	3
-1.01	4.53	3
-0.04	7.60	3
0.20	11.34	3
-0.08	8.72	3
1.31	16.26	3
0.66	12.24	3
-1.06	5.22	3
0.44	12.14	3
1.15	15.52	3
1.47	18.27	3
0.52	13.37	3
-0.85	6.46	3
1.00	15.01	3
-0.23	9.22	3
-1.12	4.84	3
-0.06	10.71	3
0.23	11.97	3
-0.94	6.38	3
-0.36	9.67	3
2.05	19.93	3
0.32	10.96	3
-0.30	8.41	3
0.48	12.33	3
1.57	17.98	3
-1.22	3.35	3
-0.18	8.05	3
-0.40	7.26	3
0.49	12.42	3
0.74	14.13	3
1.33	15.10	3
1.14	16.25	3
1.98	19.67	3
-0.27	9.70	3
1.11	14.00	3
0.84	15.14	3
-1.88	0.69	3
-1.01	3.47	3
-1.46	3.72	3
-0.08	9.98	3
0.11	9.56	3
0.41	12.21	3
-0.28	6.31	3
1.66	17.81	3
0.42	14.00	3
-0.16	7.99	3
-0.19	8.72	3
0.76	14.55	3
0.04	9.86	3
0.98	13.92	3
-0.34	9.02	3
-1.05	4.80	3
-0.26	7.69	3
-0.36	8.09	3
-0.61	5.53	3
-0.34	7.61	3
-0.67	6.20	3
-0.92	7.18	3
-0.46	6.81	3
0.33	10.77	3
-0.65	5.49	3
1.60	18.09	3
0.17	9.94	3
-0.49	6.36	3
-0.31	8.54	3
-0.23	9.54	3
-1.64	2.41	3
0.94	16.30	3
-1.16	3.28	3
0.94	14.68	3
-0.82	5.57	3
0.47	11.55	3
-0.10	9.47	3
0.25	12.22	3
0.83	13.89	3
-0.27	8.15	3
-0.82	7.73	3
1.29	16.76	3
0.47	13.45	3
0.86	12.12	3
-0.12	9.28	3
1.06	16.45	3
1.42	18.08	3
-0.32	9.28	3
0.69	14.60	3
-0.06	10.49	3
0.01	9.28	3
0.23	13.01	3
-0.81	7.56	3
0.34	12.21	3
0.81	15.18	3
0.33	10.99	3
-0.69	5.46	3
-1.17	3.10	3
-0.15	8.79	3
-1.15	3.77	3
1.66	17.94	3
0.12	8.75	3
-0.26	9.25	3
1.82	19.29	3
0.97	15.55	3
0.52	13.20	3
0.51	11.98	3
-1.53	1.28	3
-0.28	8.10	3
-0.72	6.21	3
-1.98	0.77	3
0.95	14.50	3
1.42	17.17	3
0.14	9.77	3
0.88	15.14	3
-2.49	-3.41	3
-1.41	3.47	3
0.70	12.94	3
0.81	14.72	3
-0.28	7.85	3
-0.60	5.26	3
1.11	16.47	3
0.08	10.68	3
-0.49	8.83	3
0.23	11.91	3
-0.61	5.63	3
0.23	11.68	3
-1.84	0.39	3
-0.58	6.64	3
0.47	10.89	3
0.61	13.59	3
-1.54	2.51	3
-0.03	9.25	3
-0.82	6.47	3
-0.05	8.45	3
0.53	12.23	3
1.32	17.48	3
-0.77	7.17	3
0.94	16.74	3
-0.20	10.14	3
1.40	16.48	3
1.00	13.58	3
-0.81	6.49	3
-1.00	4.39	3
-0.26	7.75	3
-0.76	6.12	3
0.51	11.69	3
-0.35	6.70	3
-1.85	-0.90	3
-0.77	6.01	3
-0.23	7.21	3
-2.26	-1.80	3
1.18	16.41	3
-0.46	6.94	3
-0.94	6.09	3
-0.15	8.06	3
2.81	24.47	3
1.38	17.43	3
0.43	12.84	3
0.79	13.30	3
-2.08	0.36	3
-1.61	0.44	3
-1.68	1.45	3
0.48	12.36	3
-2.11	-1.10	3
1.77	19.45	3
-1.03	5.58	3
-0.89	6.34	3
1.17	16.25	3
0.15	10.54	3
0.16	9.74	3
0.57	13.62	3
-0.84	5.72	3
-0.49	7.33	3
-1.45	2.43	3
-0.46	7.70	3
-0.63	6.75	3
-0.15	9.72	3
-0.08	10.40	3
-1.19	3.26	3
0.15	11.36	3
0.73	13.21	3
-0.47	8.63	3
0.72	13.72	3
0.89	15.46	3
0.21	9.46	3
-0.20	9.57	3
2.18	20.40	3
0.08	10.53	3
0.54	13.00	3
-0.52	6.63	3
-1.66	0.56	3
1.23	16.68	3
-1.54	3.36	3
-1.92	0.72	3
-1.44	3.23	3
0.51	12.67	3
0.46	13.71	3
-2.22	-1.52	3
1.06	13.97	3
-0.76	6.67	3
1.09	15.15	3
-0.28	8.47	3
-0.14	10.39	3
-0.97	6.02	3
-0.44	7.68	3
-0.06	9.22	3
-0.78	6.43	3
-1.36	2.68	3
-0.20	9.84	3
0.03	11.33	3
-0.38	8.08	3
-0.57	7.23	3
0.95	13.43	3
-0.73	5.40	3
0.68	12.43	3
0.54	13.53	3
1.33	16.73	3
0.13	10.52	3
-0.67	5.93	3
0.78	14.41	3
0.64	13.44	3
0.97	17.18	3
-0.60	6.73	3
0.93	14.26	3
0.72	11.77	3
-1.19	4.75	3
-1.03	4.70	3
0.13	10.25	3
-0.24	9.88	3
0.64	12.64	3
1.60	19.37	3
0.07	11.01	3
-0.24	8.61	3
0.85	16.36	3
-2.40	-2.90	3
-0.26	10.50	3
0.29	12.16	3
2.08	20.47	3
0.15	12.01	3
0.99	14.63	3
-0.14	9.17	3
-0.23	9.09	3
0.98	16.37	3
-0.58	8.13	3
1.83	19.19	3
0.00	9.59	3
-0.17	8.67	3
-0.76	4.32	3
0.63	13.75	3
0.73	13.06	3
0.72	13.03	3
0.03	10.05	3
1.01	15.64	3
1.67	16.49	3
1.04	15.48	3
-0.03	9.73	3
-0.14	9.50	3
0.84	14.86	3
0.30	11.75	3
0.28	11.26	3
0.49	13.48	3
-1.43	3.37	3
1.02	15.83	3
-0.71	6.96	3
0.66	15.04	3
-1.39	0.37	3
-1.37	2.86	3
-0.39	8.50	3
-0.18	9.93	3
0.87	13.68	3
-1.76	0.66	3
0.42	10.86	3
0.83	14.42	3
-0.05	8.51	3
0.41	12.22	3
0.78	15.27	3
0.10	10.90	3
-2.06	1.02	3
0.89	13.28	3
0.40	12.53	3
-0.07	10.24	3
0.22	10.98	3
-0.16	8.28	3
-1.02	2.76	3
-1.14	5.07	3
0.51	12.69	3
-0.36	8.05	3
0.08	11.71	3
-1.53	2.38	3
1.52	17.15	3
1.24	16.01	3
1.56	17.26	3
-0.70	6.82	3
0.72	14.86	3
1.00	17.39	3
0.07	10.53	3
